Index,Cover_Type
61006,1
61007,2
61008,1
61009,3
61010,2
61011,3
61012,3
61013,1
61014,2
61015,2
61016,1
61017,1
61018,2
61019,2
61020,1
61021,1
61022,2
61023,1
61024,2
61025,1
61026,1
61027,3
61028,2
61029,2
61030,1
61031,2
61032,1
61033,1
61034,2
61035,1
61036,1
61037,2
61038,1
61039,1
61040,1
61041,1
61042,2
61043,2
61044,1
61045,1
61046,2
61047,1
61048,2
61049,2
61050,1
61051,2
61052,1
61053,1
61054,2
61055,2
61056,1
61057,1
61058,2
61059,2
61060,2
61061,6
61062,2
61063,1
61064,1
61065,2
61066,1
61067,1
61068,1
61069,2
61070,1
61071,2
61072,1
61073,2
61074,1
61075,2
61076,1
61077,2
61078,1
61079,2
61080,3
61081,1
61082,2
61083,1
61084,2
61085,2
61086,1
61087,2
61088,2
61089,2
61090,1
61091,1
61092,2
61093,2
61094,2
61095,1
61096,3
61097,3
61098,2
61099,2
61100,2
61101,3
61102,2
61103,2
61104,2
61105,1
61106,2
61107,1
61108,1
61109,2
61110,1
61111,3
61112,2
61113,1
61114,2
61115,2
61116,3
61117,2
61118,1
61119,2
61120,1
61121,1
61122,1
61123,1
61124,2
61125,2
61126,1
61127,1
61128,2
61129,1
61130,2
61131,3
61132,1
61133,1
61134,1
61135,1
61136,1
61137,5
61138,1
61139,1
61140,2
61141,1
61142,1
61143,2
61144,1
61145,1
61146,2
61147,1
61148,1
61149,1
61150,1
61151,1
61152,2
61153,1
61154,1
61155,1
61156,2
61157,2
61158,1
61159,1
61160,1
61161,1
61162,2
61163,2
61164,1
61165,2
61166,2
61167,2
61168,1
61169,1
61170,1
61171,1
61172,3
61173,2
61174,2
61175,1
61176,1
61177,1
61178,2
61179,3
61180,1
61181,2
61182,1
61183,2
61184,1
61185,1
61186,1
61187,2
61188,2
61189,2
61190,2
61191,1
61192,2
61193,3
61194,1
61195,1
61196,2
61197,2
61198,2
61199,1
61200,1
61201,3
61202,2
61203,2
61204,1
61205,1
61206,1
61207,2
61208,1
61209,2
61210,1
61211,1
61212,1
61213,1
61214,2
61215,1
61216,3
61217,1
61218,2
61219,2
61220,1
61221,3
61222,1
61223,1
61224,1
61225,2
61226,3
61227,2
61228,2
61229,2
61230,1
61231,1
61232,1
61233,1
61234,2
61235,1
61236,1
61237,2
61238,1
61239,1
61240,1
61241,1
61242,2
61243,1
61244,1
61245,1
61246,2
61247,1
61248,2
61249,2
61250,2
61251,1
61252,1
61253,2
61254,1
61255,3
61256,2
61257,2
61258,3
61259,6
61260,1
61261,2
61262,1
61263,2
61264,1
61265,2
61266,2
61267,1
61268,1
61269,2
61270,1
61271,1
61272,1
61273,2
61274,2
61275,1
61276,1
61277,5
61278,1
61279,6
61280,2
61281,1
61282,1
61283,2
61284,1
61285,2
61286,1
61287,2
61288,2
61289,2
61290,3
61291,2
61292,3
61293,1
61294,1
61295,2
61296,5
61297,3
61298,1
61299,1
61300,2
61301,2
61302,3
61303,1
61304,1
61305,1
61306,1
61307,1
61308,2
61309,1
61310,2
61311,1
61312,1
61313,3
61314,3
61315,2
61316,1
61317,1
61318,1
61319,6
61320,2
61321,1
61322,1
61323,1
61324,1
61325,3
61326,2
61327,2
61328,2
61329,2
61330,2
61331,1
61332,3
61333,1
61334,1
61335,1
61336,2
61337,2
61338,2
61339,1
61340,2
61341,2
61342,2
61343,1
61344,1
61345,2
61346,3
61347,1
61348,2
61349,2
61350,2
61351,1
61352,2
61353,2
61354,2
61355,1
61356,1
61357,2
61358,1
61359,1
61360,1
61361,2
61362,1
61363,1
61364,2
61365,2
61366,1
61367,2
61368,2
61369,1
61370,2
61371,1
61372,2
61373,2
61374,1
61375,2
61376,2
61377,1
61378,2
61379,2
61380,1
61381,2
61382,5
61383,2
61384,6
61385,3
61386,2
61387,2
61388,2
61389,1
61390,1
61391,1
61392,2
61393,2
61394,1
61395,1
61396,2
61397,2
61398,2
61399,2
61400,2
61401,2
61402,2
61403,1
61404,6
61405,2
61406,3
61407,2
61408,1
61409,6
61410,2
61411,2
61412,1
61413,1
61414,2
61415,2
61416,1
61417,1
61418,6
61419,3
61420,1
61421,3
61422,2
61423,2
61424,3
61425,2
61426,1
61427,1
61428,2
61429,2
61430,6
61431,1
61432,2
61433,1
61434,2
61435,1
61436,1
61437,3
61438,2
61439,2
61440,2
61441,1
61442,2
61443,1
61444,1
61445,1
61446,1
61447,2
61448,2
61449,2
61450,2
61451,2
61452,2
61453,6
61454,2
61455,2
61456,2
61457,2
61458,2
61459,1
61460,1
61461,1
61462,2
61463,6
61464,2
61465,2
61466,2
61467,2
61468,1
61469,2
61470,2
61471,1
61472,2
61473,2
61474,1
61475,2
61476,3
61477,3
61478,2
61479,2
61480,2
61481,3
61482,1
61483,1
61484,1
61485,2
61486,3
61487,1
61488,6
61489,1
61490,2
61491,2
61492,1
61493,2
61494,1
61495,2
61496,2
61497,3
61498,1
61499,1
61500,2
61501,2
61502,2
61503,1
61504,1
61505,2
61506,1
61507,2
61508,3
61509,1
61510,2
61511,2
61512,2
61513,1
61514,2
61515,1
61516,2
61517,2
61518,1
61519,2
61520,3
61521,2
61522,1
61523,1
61524,1
61525,2
61526,2
61527,1
61528,2
61529,1
61530,1
61531,5
61532,1
61533,2
61534,2
61535,1
61536,1
61537,1
61538,1
61539,2
61540,2
61541,2
61542,2
61543,2
61544,3
61545,2
61546,2
61547,2
61548,1
61549,3
61550,1
61551,1
61552,3
61553,2
61554,2
61555,1
61556,1
61557,1
61558,1
61559,2
61560,2
61561,2
61562,1
61563,1
61564,2
61565,1
61566,2
61567,2
61568,1
61569,1
61570,1
61571,2
61572,1
61573,2
61574,3
61575,5
61576,1
61577,2
61578,2
61579,2
61580,1
61581,2
61582,1
61583,2
61584,3
61585,2
61586,1
61587,1
61588,1
61589,2
61590,2
61591,1
61592,3
61593,2
61594,2
61595,1
61596,2
61597,2
61598,1
61599,1
61600,1
61601,2
61602,1
61603,3
61604,1
61605,3
61606,1
61607,1
61608,1
61609,2
61610,2
61611,1
61612,2
61613,1
61614,2
61615,1
61616,1
61617,1
61618,1
61619,2
61620,2
61621,5
61622,2
61623,2
61624,2
61625,2
61626,2
61627,1
61628,5
61629,2
61630,3
61631,1
61632,1
61633,1
61634,2
61635,2
61636,4
61637,1
61638,1
61639,1
61640,1
61641,2
61642,1
61643,2
61644,3
61645,1
61646,4
61647,1
61648,2
61649,2
61650,2
61651,1
61652,1
61653,2
61654,2
61655,1
61656,3
61657,1
61658,3
61659,3
61660,2
61661,2
61662,3
61663,1
61664,2
61665,3
61666,1
61667,1
61668,3
61669,1
61670,1
61671,2
61672,1
61673,1
61674,1
61675,1
61676,2
61677,2
61678,1
61679,1
61680,2
61681,1
61682,1
61683,2
61684,2
61685,3
61686,2
61687,1
61688,1
61689,1
61690,1
61691,1
61692,2
61693,6
61694,1
61695,1
61696,2
61697,1
61698,2
61699,2
61700,1
61701,1
61702,1
61703,1
61704,2
61705,4
61706,2
61707,3
61708,2
61709,1
61710,7
61711,3
61712,1
61713,1
61714,1
61715,1
61716,1
61717,1
61718,1
61719,2
61720,2
61721,2
61722,1
61723,2
61724,1
61725,1
61726,1
61727,2
61728,2
61729,3
61730,1
61731,2
61732,1
61733,2
61734,2
61735,1
61736,1
61737,5
61738,2
61739,2
61740,2
61741,2
61742,2
61743,2
61744,1
61745,1
61746,1
61747,1
61748,1
61749,1
61750,1
61751,1
61752,1
61753,2
61754,1
61755,1
61756,5
61757,2
61758,3
61759,1
61760,2
61761,2
61762,1
61763,2
61764,1
61765,1
61766,2
61767,3
61768,5
61769,2
61770,2
61771,1
61772,2
61773,3
61774,1
61775,1
61776,2
61777,1
61778,2
61779,2
61780,3
61781,1
61782,1
61783,2
61784,2
61785,2
61786,1
61787,3
61788,1
61789,1
61790,1
61791,2
61792,2
61793,1
61794,2
61795,2
61796,2
61797,2
61798,1
61799,2
61800,1
61801,1
61802,2
61803,6
61804,1
61805,2
61806,1
61807,2
61808,1
61809,1
61810,1
61811,2
61812,6
61813,1
61814,1
61815,1
61816,3
61817,2
61818,1
61819,2
61820,2
61821,3
61822,1
61823,2
61824,2
61825,2
61826,1
61827,2
61828,1
61829,1
61830,2
61831,1
61832,1
61833,1
61834,2
61835,1
61836,1
61837,1
61838,1
61839,2
61840,2
61841,1
61842,3
61843,1
61844,1
61845,2
61846,1
61847,2
61848,2
61849,1
61850,2
61851,1
61852,2
61853,1
61854,2
61855,4
61856,1
61857,1
61858,1
61859,1
61860,1
61861,1
61862,2
61863,2
61864,2
61865,1
61866,2
61867,1
61868,1
61869,1
61870,1
61871,1
61872,2
61873,1
61874,1
61875,1
61876,3
61877,3
61878,3
61879,4
61880,1
61881,1
61882,1
61883,1
61884,2
61885,2
61886,1
61887,2
61888,2
61889,2
61890,1
61891,2
61892,2
61893,1
61894,1
61895,4
61896,1
61897,3
61898,2
61899,2
61900,1
61901,2
61902,2
61903,1
61904,2
61905,1
61906,2
61907,3
61908,1
61909,1
61910,1
61911,2
61912,1
61913,5
61914,2
61915,1
61916,3
61917,1
61918,1
61919,1
61920,1
61921,2
61922,1
61923,3
61924,1
61925,6
61926,1
61927,3
61928,2
61929,1
61930,1
61931,2
61932,4
61933,1
61934,2
61935,3
61936,2
61937,1
61938,2
61939,1
61940,1
61941,2
61942,1
61943,3
61944,2
61945,1
61946,2
61947,1
61948,2
61949,1
61950,2
61951,1
61952,2
61953,1
61954,3
61955,1
61956,1
61957,2
61958,2
61959,1
61960,1
61961,4
61962,2
61963,2
61964,1
61965,3
61966,1
61967,2
61968,2
61969,1
61970,5
61971,1
61972,1
61973,1
61974,2
61975,1
61976,1
61977,1
61978,1
61979,1
61980,2
61981,1
61982,4
61983,1
61984,1
61985,1
61986,7
61987,1
61988,1
61989,2
61990,3
61991,2
61992,1
61993,2
61994,1
61995,1
61996,2
61997,2
61998,1
61999,2
62000,5
62001,2
62002,3
62003,2
62004,1
62005,2
62006,2
62007,2
62008,2
62009,1
62010,1
62011,1
62012,1
62013,2
62014,2
62015,1
62016,1
62017,2
62018,2
62019,1
62020,2
62021,2
62022,1
62023,2
62024,2
62025,4
62026,2
62027,1
62028,1
62029,2
62030,2
62031,1
62032,3
62033,1
62034,1
62035,1
62036,2
62037,1
62038,1
62039,2
62040,3
62041,2
62042,1
62043,1
62044,1
62045,2
62046,1
62047,1
62048,2
62049,2
62050,2
62051,1
62052,2
62053,2
62054,1
62055,2
62056,1
62057,1
62058,1
62059,1
62060,2
62061,1
62062,2
62063,1
62064,1
62065,1
62066,1
62067,1
62068,1
62069,1
62070,2
62071,2
62072,1
62073,1
62074,1
62075,3
62076,1
62077,1
62078,1
62079,1
62080,2
62081,1
62082,1
62083,1
62084,1
62085,1
62086,1
62087,2
62088,1
62089,2
62090,2
62091,1
62092,1
62093,1
62094,7
62095,2
62096,1
62097,1
62098,1
62099,1
62100,2
62101,2
62102,1
62103,1
62104,3
62105,2
62106,1
62107,1
62108,1
62109,3
62110,1
62111,1
62112,1
62113,1
62114,2
62115,1
62116,1
62117,2
62118,2
62119,1
62120,1
62121,1
62122,1
62123,3
62124,2
62125,1
62126,2
62127,5
62128,2
62129,1
62130,3
62131,1
62132,1
62133,1
62134,1
62135,1
62136,1
62137,2
62138,1
62139,2
62140,2
62141,2
62142,1
62143,3
62144,2
62145,3
62146,3
62147,2
62148,3
62149,1
62150,2
62151,7
62152,2
62153,1
62154,1
62155,2
62156,2
62157,1
62158,2
62159,2
62160,1
62161,1
62162,1
62163,1
62164,2
62165,1
62166,1
62167,2
62168,1
62169,3
62170,1
62171,1
62172,2
62173,2
62174,1
62175,4
62176,1
62177,2
62178,1
62179,2
62180,1
62181,2
62182,2
62183,2
62184,6
62185,2
62186,2
62187,2
62188,2
62189,2
62190,2
62191,1
62192,2
62193,1
62194,3
62195,1
62196,2
62197,3
62198,1
62199,1
62200,2
62201,2
62202,2
62203,2
62204,2
62205,2
62206,4
62207,1
62208,2
62209,2
62210,2
62211,1
62212,3
62213,2
62214,1
62215,1
62216,2
62217,1
62218,2
62219,1
62220,4
62221,1
62222,1
62223,2
62224,2
62225,3
62226,1
62227,1
62228,1
62229,2
62230,1
62231,1
62232,1
62233,2
62234,3
62235,1
62236,1
62237,2
62238,1
62239,1
62240,3
62241,2
62242,1
62243,1
62244,1
62245,2
62246,1
62247,1
62248,1
62249,2
62250,1
62251,1
62252,1
62253,2
62254,1
62255,2
62256,4
62257,1
62258,1
62259,2
62260,1
62261,2
62262,1
62263,2
62264,1
62265,1
62266,1
62267,3
62268,2
62269,2
62270,1
62271,1
62272,1
62273,1
62274,1
62275,1
62276,1
62277,2
62278,2
62279,1
62280,2
62281,2
62282,3
62283,1
62284,1
62285,1
62286,1
62287,1
62288,2
62289,2
62290,1
62291,1
62292,1
62293,1
62294,2
62295,1
62296,3
62297,1
62298,1
62299,2
62300,2
62301,2
62302,2
62303,1
62304,1
62305,3
62306,1
62307,1
62308,1
62309,1
62310,1
62311,1
62312,2
62313,2
62314,3
62315,1
62316,2
62317,2
62318,2
62319,1
62320,1
62321,5
62322,2
62323,1
62324,1
62325,2
62326,2
62327,3
62328,2
62329,1
62330,1
62331,2
62332,2
62333,1
62334,1
62335,6
62336,4
62337,1
62338,1
62339,1
62340,1
62341,1
62342,2
62343,3
62344,2
62345,3
62346,1
62347,2
62348,1
62349,1
62350,1
62351,2
62352,1
62353,3
62354,1
62355,2
62356,6
62357,2
62358,1
62359,2
62360,1
62361,2
62362,7
62363,3
62364,2
62365,1
62366,2
62367,2
62368,3
62369,2
62370,5
62371,1
62372,2
62373,2
62374,2
62375,1
62376,1
62377,1
62378,2
62379,1
62380,1
62381,2
62382,1
62383,3
62384,2
62385,1
62386,1
62387,2
62388,1
62389,1
62390,2
62391,1
62392,2
62393,2
62394,1
62395,1
62396,2
62397,2
62398,2
62399,2
62400,2
62401,1
62402,1
62403,2
62404,5
62405,3
62406,2
62407,1
62408,1
62409,1
62410,1
62411,1
62412,1
62413,1
62414,1
62415,2
62416,1
62417,2
62418,2
62419,2
62420,1
62421,3
62422,1
62423,2
62424,1
62425,2
62426,1
62427,1
62428,3
62429,2
62430,1
62431,1
62432,1
62433,1
62434,1
62435,2
62436,2
62437,2
62438,2
62439,1
62440,1
62441,1
62442,1
62443,1
62444,1
62445,1
62446,2
62447,7
62448,2
62449,1
62450,4
62451,1
62452,2
62453,1
62454,1
62455,1
62456,3
62457,1
62458,2
62459,1
62460,1
62461,2
62462,1
62463,1
62464,1
62465,3
62466,1
62467,2
62468,1
62469,1
62470,2
62471,3
62472,3
62473,1
62474,1
62475,1
62476,3
62477,6
62478,6
62479,1
62480,2
62481,2
62482,1
62483,1
62484,2
62485,2
62486,2
62487,1
62488,2
62489,2
62490,1
62491,2
62492,1
62493,2
62494,3
62495,1
62496,1
62497,2
62498,1
62499,1
62500,1
62501,2
62502,3
62503,2
62504,3
62505,1
62506,1
62507,1
62508,2
62509,1
62510,2
62511,1
62512,2
62513,2
62514,2
62515,1
62516,7
62517,1
62518,2
62519,1
62520,3
62521,3
62522,2
62523,3
62524,1
62525,2
62526,1
62527,1
62528,2
62529,2
62530,2
62531,2
62532,2
62533,2
62534,1
62535,2
62536,2
62537,3
62538,2
62539,1
62540,1
62541,1
62542,2
62543,2
62544,2
62545,2
62546,1
62547,1
62548,2
62549,1
62550,5
62551,1
62552,1
62553,2
62554,1
62555,1
62556,1
62557,1
62558,1
62559,1
62560,1
62561,2
62562,2
62563,2
62564,2
62565,6
62566,1
62567,2
62568,1
62569,1
62570,3
62571,3
62572,2
62573,1
62574,2
62575,1
62576,5
62577,3
62578,4
62579,3
62580,3
62581,1
62582,2
62583,2
62584,1
62585,1
62586,1
62587,3
62588,2
62589,1
62590,1
62591,2
62592,6
62593,3
62594,2
62595,2
62596,2
62597,2
62598,4
62599,2
62600,1
62601,1
62602,2
62603,4
62604,2
62605,2
62606,1
62607,1
62608,2
62609,1
62610,1
62611,1
62612,1
62613,2
62614,2
62615,7
62616,1
62617,3
62618,2
62619,3
62620,2
62621,3
62622,3
62623,1
62624,1
62625,2
62626,1
62627,2
62628,1
62629,3
62630,1
62631,3
62632,2
62633,2
62634,2
62635,3
62636,3
62637,2
62638,3
62639,2
62640,1
62641,1
62642,2
62643,1
62644,1
62645,3
62646,1
62647,2
62648,2
62649,2
62650,2
62651,2
62652,1
62653,2
62654,1
62655,2
62656,2
62657,2
62658,2
62659,1
62660,1
62661,1
62662,1
62663,2
62664,1
62665,2
62666,1
62667,2
62668,2
62669,1
62670,3
62671,1
62672,1
62673,1
62674,2
62675,2
62676,1
62677,1
62678,1
62679,1
62680,1
62681,3
62682,2
62683,2
62684,2
62685,2
62686,1
62687,4
62688,1
62689,2
62690,1
62691,3
62692,1
62693,3
62694,1
62695,2
62696,1
62697,4
62698,1
62699,2
62700,2
62701,1
62702,1
62703,3
62704,2
62705,2
62706,1
62707,2
62708,5
62709,2
62710,1
62711,2
62712,2
62713,1
62714,2
62715,1
62716,7
62717,1
62718,3
62719,3
62720,1
62721,2
62722,1
62723,1
62724,2
62725,1
62726,1
62727,2
62728,1
62729,2
62730,3
62731,1
62732,2
62733,1
62734,1
62735,2
62736,2
62737,1
62738,1
62739,2
62740,2
62741,1
62742,1
62743,1
62744,1
62745,1
62746,1
62747,1
62748,2
62749,2
62750,1
62751,1
62752,2
62753,1
62754,3
62755,1
62756,1
62757,3
62758,2
62759,1
62760,1
62761,2
62762,1
62763,3
62764,2
62765,2
62766,2
62767,1
62768,3
62769,2
62770,1
62771,3
62772,1
62773,2
62774,3
62775,2
62776,1
62777,2
62778,1
62779,1
62780,1
62781,1
62782,1
62783,2
62784,2
62785,1
62786,2
62787,2
62788,1
62789,3
62790,2
62791,1
62792,1
62793,1
62794,2
62795,1
62796,2
62797,2
62798,1
62799,2
62800,1
62801,1
62802,2
62803,3
62804,2
62805,1
62806,1
62807,1
62808,1
62809,3
62810,3
62811,1
62812,2
62813,2
62814,2
62815,1
62816,3
62817,1
62818,1
62819,2
62820,3
62821,1
62822,2
62823,1
62824,1
62825,2
62826,2
62827,5
62828,2
62829,2
62830,2
62831,1
62832,1
62833,1
62834,1
62835,2
62836,2
62837,1
62838,7
62839,2
62840,1
62841,1
62842,1
62843,1
62844,1
62845,1
62846,2
62847,3
62848,1
62849,2
62850,1
62851,2
62852,2
62853,1
62854,1
62855,1
62856,3
62857,1
62858,1
62859,1
62860,1
62861,1
62862,1
62863,1
62864,1
62865,2
62866,2
62867,1
62868,1
62869,6
62870,2
62871,2
62872,1
62873,2
62874,2
62875,2
62876,2
62877,1
62878,1
62879,2
62880,3
62881,2
62882,4
62883,2
62884,1
62885,3
62886,2
62887,3
62888,2
62889,1
62890,2
62891,3
62892,2
62893,3
62894,2
62895,1
62896,3
62897,2
62898,1
62899,1
62900,2
62901,2
62902,1
62903,1
62904,2
62905,2
62906,1
62907,1
62908,1
62909,1
62910,2
62911,3
62912,1
62913,2
62914,2
62915,1
62916,1
62917,1
62918,2
62919,2
62920,3
62921,1
62922,1
62923,1
62924,2
62925,2
62926,1
62927,2
62928,1
62929,1
62930,2
62931,2
62932,2
62933,1
62934,1
62935,2
62936,5
62937,2
62938,2
62939,2
62940,1
62941,1
62942,2
62943,2
62944,1
62945,1
62946,1
62947,2
62948,3
62949,2
62950,1
62951,1
62952,1
62953,2
62954,2
62955,3
62956,2
62957,3
62958,2
62959,1
62960,1
62961,2
62962,1
62963,1
62964,1
62965,3
62966,2
62967,1
62968,2
62969,1
62970,2
62971,2
62972,1
62973,1
62974,1
62975,2
62976,2
62977,1
62978,2
62979,1
62980,1
62981,1
62982,1
62983,2
62984,2
62985,1
62986,2
62987,2
62988,1
62989,1
62990,1
62991,1
62992,2
62993,3
62994,2
62995,1
62996,2
62997,1
62998,6
62999,3
63000,2
63001,2
63002,1
63003,1
63004,1
63005,1
63006,2
63007,2
63008,1
63009,1
63010,3
63011,2
63012,2
63013,2
63014,2
63015,2
63016,1
63017,1
63018,2
63019,1
63020,1
63021,2
63022,1
63023,2
63024,2
63025,1
63026,1
63027,2
63028,2
63029,1
63030,2
63031,2
63032,3
63033,6
63034,3
63035,2
63036,2
63037,2
63038,1
63039,2
63040,2
63041,2
63042,1
63043,1
63044,1
63045,1
63046,1
63047,3
63048,1
63049,1
63050,2
63051,1
63052,1
63053,3
63054,1
63055,1
63056,2
63057,2
63058,2
63059,2
63060,3
63061,2
63062,1
63063,2
63064,2
63065,2
63066,1
63067,1
63068,1
63069,1
63070,2
63071,1
63072,1
63073,1
63074,1
63075,1
63076,1
63077,3
63078,7
63079,2
63080,1
63081,2
63082,1
63083,2
63084,3
63085,1
63086,1
63087,1
63088,1
63089,1
63090,2
63091,2
63092,2
63093,1
63094,2
63095,1
63096,1
63097,1
63098,2
63099,3
63100,1
63101,2
63102,2
63103,1
63104,1
63105,1
63106,2
63107,2
63108,1
63109,1
63110,2
63111,2
63112,1
63113,1
63114,2
63115,1
63116,1
63117,2
63118,2
63119,2
63120,2
63121,2
63122,1
63123,1
63124,2
63125,2
63126,2
63127,7
63128,1
63129,1
63130,1
63131,2
63132,1
63133,3
63134,2
63135,1
63136,2
63137,2
63138,2
63139,3
63140,1
63141,2
63142,2
63143,1
63144,1
63145,4
63146,2
63147,1
63148,1
63149,1
63150,1
63151,3
63152,3
63153,1
63154,2
63155,1
63156,1
63157,1
63158,2
63159,1
63160,1
63161,1
63162,1
63163,2
63164,3
63165,2
63166,1
63167,2
63168,6
63169,2
63170,2
63171,2
63172,2
63173,1
63174,2
63175,1
63176,1
63177,2
63178,6
63179,1
63180,1
63181,1
63182,1
63183,1
63184,3
63185,1
63186,1
63187,2
63188,3
63189,1
63190,1
63191,2
63192,1
63193,3
63194,2
63195,7
63196,2
63197,1
63198,1
63199,1
63200,1
63201,1
63202,1
63203,1
63204,2
63205,3
63206,2
63207,2
63208,1
63209,2
63210,1
63211,1
63212,1
63213,1
63214,1
63215,1
63216,1
63217,1
63218,2
63219,2
63220,1
63221,1
63222,1
63223,1
63224,2
63225,2
63226,1
63227,1
63228,2
63229,3
63230,1
63231,1
63232,1
63233,2
63234,1
63235,1
63236,1
63237,2
63238,1
63239,6
63240,1
63241,1
63242,1
63243,3
63244,2
63245,1
63246,3
63247,2
63248,3
63249,1
63250,2
63251,1
63252,1
63253,1
63254,1
63255,2
63256,1
63257,1
63258,2
63259,5
63260,1
63261,1
63262,2
63263,3
63264,2
63265,2
63266,1
63267,1
63268,2
63269,1
63270,1
63271,1
63272,1
63273,1
63274,2
63275,1
63276,2
63277,1
63278,1
63279,3
63280,1
63281,2
63282,1
63283,1
63284,1
63285,1
63286,2
63287,1
63288,2
63289,2
63290,3
63291,3
63292,1
63293,1
63294,1
63295,2
63296,2
63297,2
63298,1
63299,2
63300,2
63301,2
63302,2
63303,3
63304,2
63305,2
63306,2
63307,1
63308,2
63309,2
63310,1
63311,2
63312,2
63313,1
63314,1
63315,3
63316,1
63317,1
63318,2
63319,1
63320,1
63321,2
63322,1
63323,2
63324,2
63325,2
63326,3
63327,2
63328,1
63329,3
63330,1
63331,2
63332,2
63333,1
63334,1
63335,2
63336,1
63337,6
63338,3
63339,1
63340,2
63341,1
63342,1
63343,1
63344,2
63345,1
63346,2
63347,2
63348,1
63349,3
63350,1
63351,2
63352,1
63353,1
63354,1
63355,1
63356,2
63357,3
63358,1
63359,2
63360,1
63361,1
63362,2
63363,2
63364,1
63365,2
63366,2
63367,1
63368,1
63369,3
63370,1
63371,2
63372,7
63373,1
63374,2
63375,1
63376,1
63377,2
63378,1
63379,1
63380,2
63381,1
63382,4
63383,1
63384,1
63385,2
63386,1
63387,1
63388,2
63389,1
63390,3
63391,6
63392,2
63393,1
63394,2
63395,2
63396,1
63397,1
63398,2
63399,1
63400,2
63401,4
63402,1
63403,2
63404,1
63405,4
63406,1
63407,2
63408,2
63409,1
63410,1
63411,1
63412,2
63413,1
63414,1
63415,2
63416,2
63417,2
63418,2
63419,1
63420,2
63421,1
63422,2
63423,1
63424,1
63425,1
63426,2
63427,2
63428,2
63429,1
63430,2
63431,1
63432,1
63433,1
63434,1
63435,2
63436,1
63437,2
63438,2
63439,2
63440,2
63441,1
63442,2
63443,3
63444,3
63445,2
63446,1
63447,2
63448,2
63449,1
63450,1
63451,1
63452,6
63453,3
63454,2
63455,2
63456,1
63457,1
63458,2
63459,1
63460,1
63461,1
63462,2
63463,2
63464,2
63465,1
63466,1
63467,1
63468,1
63469,2
63470,1
63471,1
63472,1
63473,1
63474,2
63475,3
63476,2
63477,2
63478,1
63479,1
63480,1
63481,2
63482,1
63483,2
63484,2
63485,1
63486,3
63487,2
63488,2
63489,1
63490,2
63491,2
63492,1
63493,1
63494,2
63495,1
63496,3
63497,1
63498,1
63499,1
63500,1
63501,2
63502,1
63503,2
63504,1
63505,2
63506,1
63507,2
63508,2
63509,1
63510,2
63511,1
63512,1
63513,2
63514,2
63515,1
63516,1
63517,2
63518,5
63519,2
63520,1
63521,1
63522,2
63523,2
63524,1
63525,1
63526,2
63527,1
63528,3
63529,1
63530,1
63531,1
63532,2
63533,3
63534,1
63535,3
63536,2
63537,2
63538,3
63539,2
63540,2
63541,2
63542,1
63543,1
63544,3
63545,1
63546,1
63547,1
63548,1
63549,2
63550,1
63551,2
63552,3
63553,2
63554,1
63555,1
63556,1
63557,1
63558,2
63559,1
63560,1
63561,1
63562,1
63563,1
63564,2
63565,2
63566,2
63567,2
63568,2
63569,2
63570,1
63571,1
63572,1
63573,2
63574,2
63575,2
63576,1
63577,1
63578,2
63579,2
63580,2
63581,1
63582,1
63583,1
63584,2
63585,1
63586,1
63587,2
63588,2
63589,2
63590,1
63591,1
63592,2
63593,1
63594,1
63595,2
63596,1
63597,2
63598,1
63599,1
63600,1
63601,2
63602,3
63603,2
63604,2
63605,1
63606,2
63607,2
63608,1
63609,1
63610,1
63611,1
63612,1
63613,2
63614,2
63615,2
63616,2
63617,1
63618,2
63619,2
63620,1
63621,2
63622,2
63623,1
63624,5
63625,2
63626,1
63627,1
63628,2
63629,2
63630,2
63631,2
63632,1
63633,1
63634,1
63635,1
63636,2
63637,3
63638,2
63639,1
63640,2
63641,1
63642,1
63643,1
63644,1
63645,1
63646,6
63647,2
63648,1
63649,3
63650,3
63651,1
63652,2
63653,2
63654,1
63655,1
63656,2
63657,2
63658,2
63659,1
63660,1
63661,1
63662,2
63663,1
63664,1
63665,1
63666,2
63667,2
63668,2
63669,5
63670,2
63671,2
63672,1
63673,3
63674,2
63675,1
63676,1
63677,1
63678,2
63679,1
63680,1
63681,2
63682,3
63683,2
63684,2
63685,1
63686,2
63687,1
63688,1
63689,2
63690,2
63691,2
63692,1
63693,1
63694,3
63695,2
63696,1
63697,1
63698,2
63699,2
63700,5
63701,3
63702,1
63703,3
63704,1
63705,2
63706,2
63707,1
63708,1
63709,1
63710,1
63711,2
63712,1
63713,1
63714,2
63715,1
63716,2
63717,2
63718,1
63719,3
63720,1
63721,2
63722,1
63723,1
63724,2
63725,1
63726,3
63727,2
63728,2
63729,2
63730,2
63731,1
63732,2
63733,1
63734,1
63735,1
63736,1
63737,1
63738,2
63739,2
63740,2
63741,3
63742,6
63743,3
63744,1
63745,2
63746,5
63747,1
63748,2
63749,1
63750,1
63751,1
63752,1
63753,1
63754,2
63755,5
63756,1
63757,2
63758,3
63759,2
63760,2
63761,3
63762,1
63763,2
63764,2
63765,1
63766,2
63767,2
63768,1
63769,1
63770,2
63771,1
63772,2
63773,1
63774,2
63775,1
63776,2
63777,1
63778,2
63779,2
63780,2
63781,3
63782,1
63783,1
63784,1
63785,2
63786,2
63787,1
63788,2
63789,1
63790,2
63791,1
63792,2
63793,1
63794,6
63795,2
63796,2
63797,2
63798,2
63799,2
63800,1
63801,2
63802,1
63803,2
63804,4
63805,2
63806,1
63807,2
63808,1
63809,2
63810,2
63811,2
63812,1
63813,1
63814,2
63815,1
63816,1
63817,1
63818,2
63819,2
63820,2
63821,2
63822,2
63823,2
63824,2
63825,1
63826,2
63827,3
63828,1
63829,2
63830,1
63831,1
63832,6
63833,1
63834,2
63835,2
63836,3
63837,1
63838,1
63839,1
63840,3
63841,1
63842,3
63843,2
63844,2
63845,1
63846,3
63847,1
63848,1
63849,1
63850,1
63851,1
63852,1
63853,1
63854,1
63855,2
63856,1
63857,1
63858,1
63859,2
63860,2
63861,1
63862,1
63863,7
63864,3
63865,1
63866,1
63867,3
63868,2
63869,1
63870,2
63871,2
63872,2
63873,2
63874,2
63875,6
63876,2
63877,2
63878,2
63879,1
63880,2
63881,2
63882,1
63883,2
63884,2
63885,4
63886,2
63887,1
63888,1
63889,1
63890,5
63891,2
63892,1
63893,1
63894,2
63895,2
63896,1
63897,2
63898,2
63899,1
63900,3
63901,2
63902,2
63903,1
63904,2
63905,2
63906,1
63907,2
63908,2
63909,1
63910,2
63911,2
63912,2
63913,2
63914,2
63915,2
63916,1
63917,3
63918,2
63919,2
63920,1
63921,2
63922,1
63923,3
63924,1
63925,2
63926,2
63927,5
63928,1
63929,1
63930,1
63931,1
63932,2
63933,1
63934,1
63935,2
63936,1
63937,1
63938,2
63939,2
63940,1
63941,2
63942,2
63943,1
63944,2
63945,1
63946,1
63947,1
63948,1
63949,3
63950,2
63951,1
63952,2
63953,1
63954,1
63955,3
63956,2
63957,1
63958,3
63959,2
63960,1
63961,1
63962,1
63963,1
63964,1
63965,4
63966,2
63967,2
63968,1
63969,2
63970,2
63971,2
63972,2
63973,3
63974,1
63975,2
63976,2
63977,2
63978,1
63979,1
63980,2
63981,2
63982,2
63983,1
63984,1
63985,2
63986,2
63987,2
63988,2
63989,2
63990,1
63991,1
63992,1
63993,1
63994,1
63995,2
63996,2
63997,1
63998,2
63999,2
64000,1
64001,4
64002,3
64003,1
64004,1
64005,1
64006,2
64007,1
64008,2
64009,3
64010,2
64011,1
64012,1
64013,1
64014,1
64015,2
64016,5
64017,1
64018,5
64019,1
64020,2
64021,1
64022,2
64023,1
64024,2
64025,2
64026,2
64027,2
64028,2
64029,1
64030,2
64031,1
64032,6
64033,2
64034,1
64035,1
64036,6
64037,1
64038,1
64039,2
64040,1
64041,1
64042,1
64043,1
64044,1
64045,1
64046,1
64047,1
64048,1
64049,3
64050,1
64051,2
64052,2
64053,1
64054,2
64055,2
64056,7
64057,1
64058,2
64059,1
64060,3
64061,2
64062,2
64063,1
64064,1
64065,1
64066,1
64067,2
64068,1
64069,2
64070,1
64071,2
64072,1
64073,2
64074,2
64075,4
64076,1
64077,1
64078,1
64079,2
64080,3
64081,1
64082,1
64083,3
64084,1
64085,2
64086,1
64087,1
64088,2
64089,1
64090,3
64091,2
64092,1
64093,2
64094,1
64095,2
64096,2
64097,1
64098,1
64099,2
64100,1
64101,1
64102,1
64103,3
64104,1
64105,3
64106,5
64107,1
64108,1
64109,2
64110,2
64111,2
64112,1
64113,2
64114,1
64115,2
64116,2
64117,2
64118,2
64119,2
64120,1
64121,2
64122,1
64123,1
64124,1
64125,2
64126,4
64127,1
64128,1
64129,1
64130,3
64131,1
64132,3
64133,3
64134,1
64135,1
64136,2
64137,1
64138,2
64139,2
64140,1
64141,2
64142,1
64143,3
64144,1
64145,2
64146,2
64147,1
64148,1
64149,2
64150,1
64151,2
64152,1
64153,1
64154,1
64155,1
64156,1
64157,1
64158,2
64159,3
64160,1
64161,2
64162,2
64163,1
64164,2
64165,1
64166,1
64167,2
64168,6
64169,1
64170,2
64171,1
64172,1
64173,1
64174,1
64175,2
64176,3
64177,2
64178,2
64179,2
64180,2
64181,1
64182,2
64183,1
64184,2
64185,2
64186,1
64187,1
64188,1
64189,1
64190,1
64191,3
64192,1
64193,2
64194,1
64195,1
64196,2
64197,2
64198,1
64199,2
64200,2
64201,1
64202,2
64203,1
64204,2
64205,1
64206,1
64207,1
64208,2
64209,1
64210,2
64211,1
64212,1
64213,1
64214,2
64215,1
64216,2
64217,1
64218,2
64219,1
64220,2
64221,1
64222,1
64223,3
64224,1
64225,1
64226,1
64227,1
64228,2
64229,4
64230,2
64231,6
64232,1
64233,2
64234,1
64235,1
64236,2
64237,1
64238,1
64239,2
64240,1
64241,2
64242,1
64243,2
64244,2
64245,1
64246,2
64247,2
64248,2
64249,1
64250,2
64251,1
64252,2
64253,2
64254,1
64255,1
64256,2
64257,2
64258,1
64259,1
64260,2
64261,2
64262,1
64263,2
64264,1
64265,3
64266,1
64267,3
64268,2
64269,2
64270,2
64271,1
64272,2
64273,1
64274,1
64275,1
64276,1
64277,1
64278,1
64279,1
64280,2
64281,3
64282,2
64283,1
64284,2
64285,1
64286,2
64287,1
64288,2
64289,2
64290,2
64291,1
64292,2
64293,1
64294,2
64295,2
64296,2
64297,2
64298,3
64299,1
64300,2
64301,2
64302,1
64303,5
64304,2
64305,1
64306,1
64307,1
64308,2
64309,1
64310,1
64311,2
64312,1
64313,2
64314,1
64315,1
64316,1
64317,1
64318,2
64319,2
64320,1
64321,1
64322,1
64323,2
64324,2
64325,2
64326,2
64327,1
64328,2
64329,1
64330,1
64331,2
64332,3
64333,6
64334,6
64335,2
64336,2
64337,2
64338,3
64339,1
64340,1
64341,3
64342,2
64343,2
64344,1
64345,1
64346,1
64347,2
64348,2
64349,3
64350,2
64351,1
64352,1
64353,1
64354,1
64355,1
64356,1
64357,1
64358,1
64359,6
64360,2
64361,1
64362,2
64363,6
64364,1
64365,3
64366,2
64367,1
64368,1
64369,3
64370,1
64371,2
64372,2
64373,1
64374,4
64375,2
64376,3
64377,1
64378,1
64379,2
64380,2
64381,2
64382,1
64383,2
64384,1
64385,2
64386,1
64387,3
64388,2
64389,2
64390,2
64391,1
64392,2
64393,2
64394,2
64395,1
64396,1
64397,1
64398,1
64399,1
64400,2
64401,3
64402,2
64403,1
64404,1
64405,1
64406,2
64407,2
64408,1
64409,2
64410,3
64411,2
64412,1
64413,2
64414,1
64415,2
64416,1
64417,2
64418,1
64419,2
64420,1
64421,1
64422,1
64423,2
64424,3
64425,1
64426,1
64427,2
64428,2
64429,1
64430,2
64431,2
64432,1
64433,1
64434,1
64435,2
64436,2
64437,2
64438,2
64439,2
64440,2
64441,1
64442,1
64443,1
64444,2
64445,1
64446,1
64447,1
64448,1
64449,1
64450,1
64451,1
64452,1
64453,2
64454,2
64455,1
64456,1
64457,2
64458,1
64459,3
64460,3
64461,2
64462,1
64463,1
64464,1
64465,2
64466,3
64467,6
64468,1
64469,1
64470,1
64471,2
64472,2
64473,2
64474,3
64475,1
64476,1
64477,2
64478,1
64479,3
64480,2
64481,2
64482,2
64483,2
64484,2
64485,2
64486,1
64487,1
64488,1
64489,2
64490,2
64491,1
64492,1
64493,2
64494,1
64495,2
64496,1
64497,4
64498,3
64499,2
64500,1
64501,2
64502,1
64503,3
64504,2
64505,2
64506,1
64507,2
64508,1
64509,6
64510,1
64511,2
64512,1
64513,1
64514,1
64515,1
64516,2
64517,2
64518,1
64519,2
64520,2
64521,1
64522,2
64523,2
64524,2
64525,2
64526,1
64527,1
64528,2
64529,2
64530,1
64531,1
64532,1
64533,2
64534,1
64535,1
64536,1
64537,2
64538,2
64539,2
64540,1
64541,2
64542,2
64543,1
64544,2
64545,2
64546,2
64547,1
64548,1
64549,1
64550,1
64551,3
64552,2
64553,2
64554,1
64555,1
64556,1
64557,1
64558,1
64559,1
64560,2
64561,2
64562,2
64563,1
64564,2
64565,2
64566,1
64567,2
64568,1
64569,2
64570,2
64571,1
64572,2
64573,1
64574,1
64575,1
64576,1
64577,4
64578,5
64579,2
64580,2
64581,1
64582,1
64583,2
64584,1
64585,2
64586,2
64587,1
64588,1
64589,3
64590,1
64591,2
64592,1
64593,1
64594,1
64595,2
64596,1
64597,2
64598,1
64599,3
64600,2
64601,1
64602,2
64603,3
64604,2
64605,2
64606,1
64607,2
64608,1
64609,2
64610,2
64611,1
64612,2
64613,2
64614,1
64615,2
64616,2
64617,1
64618,1
64619,2
64620,1
64621,1
64622,2
64623,2
64624,5
64625,2
64626,2
64627,2
64628,2
64629,1
64630,1
64631,2
64632,3
64633,1
64634,1
64635,1
64636,2
64637,3
64638,1
64639,1
64640,2
64641,1
64642,2
64643,2
64644,2
64645,2
64646,3
64647,2
64648,1
64649,1
64650,2
64651,1
64652,2
64653,2
64654,1
64655,1
64656,1
64657,2
64658,1
64659,2
64660,2
64661,2
64662,2
64663,1
64664,1
64665,1
64666,2
64667,2
64668,2
64669,2
64670,1
64671,3
64672,1
64673,5
64674,1
64675,2
64676,2
64677,1
64678,1
64679,3
64680,1
64681,2
64682,1
64683,2
64684,3
64685,1
64686,2
64687,2
64688,1
64689,2
64690,1
64691,2
64692,2
64693,2
64694,2
64695,3
64696,1
64697,1
64698,2
64699,2
64700,2
64701,1
64702,1
64703,1
64704,6
64705,2
64706,1
64707,2
64708,1
64709,2
64710,4
64711,1
64712,1
64713,1
64714,2
64715,2
64716,2
64717,1
64718,1
64719,1
64720,1
64721,1
64722,2
64723,2
64724,2
64725,1
64726,2
64727,1
64728,1
64729,2
64730,3
64731,1
64732,3
64733,1
64734,1
64735,1
64736,1
64737,3
64738,1
64739,1
64740,1
64741,2
64742,1
64743,1
64744,1
64745,1
64746,3
64747,2
64748,1
64749,1
64750,1
64751,2
64752,1
64753,3
64754,3
64755,1
64756,1
64757,2
64758,2
64759,1
64760,3
64761,1
64762,2
64763,3
64764,2
64765,1
64766,2
64767,1
64768,2
64769,2
64770,1
64771,1
64772,2
64773,2
64774,2
64775,2
64776,1
64777,1
64778,1
64779,2
64780,2
64781,2
64782,1
64783,2
64784,2
64785,3
64786,2
64787,4
64788,2
64789,1
64790,2
64791,2
64792,3
64793,1
64794,1
64795,1
64796,1
64797,2
64798,2
64799,1
64800,1
64801,3
64802,1
64803,1
64804,2
64805,2
64806,1
64807,1
64808,1
64809,2
64810,1
64811,2
64812,2
64813,1
64814,5
64815,4
64816,2
64817,1
64818,1
64819,1
64820,2
64821,2
64822,2
64823,2
64824,2
64825,3
64826,7
64827,2
64828,3
64829,1
64830,2
64831,1
64832,1
64833,1
64834,2
64835,2
64836,1
64837,1
64838,1
64839,2
64840,1
64841,1
64842,4
64843,2
64844,2
64845,1
64846,1
64847,2
64848,1
64849,2
64850,2
64851,1
64852,3
64853,2
64854,3
64855,1
64856,2
64857,2
64858,2
64859,1
64860,2
64861,1
64862,2
64863,2
64864,2
64865,2
64866,2
64867,1
64868,2
64869,2
64870,2
64871,1
64872,2
64873,2
64874,1
64875,2
64876,4
64877,3
64878,1
64879,2
64880,1
64881,2
64882,1
64883,1
64884,1
64885,2
64886,1
64887,1
64888,2
64889,1
64890,1
64891,2
64892,2
64893,2
64894,2
64895,2
64896,2
64897,2
64898,2
64899,3
64900,1
64901,1
64902,2
64903,1
64904,2
64905,1
64906,3
64907,1
64908,1
64909,2
64910,1
64911,1
64912,2
64913,1
64914,1
64915,1
64916,1
64917,1
64918,1
64919,2
64920,1
64921,2
64922,2
64923,1
64924,2
64925,1
64926,1
64927,2
64928,2
64929,2
64930,1
64931,3
64932,2
64933,1
64934,2
64935,1
64936,3
64937,1
64938,3
64939,1
64940,2
64941,2
64942,2
64943,2
64944,1
64945,1
64946,1
64947,1
64948,1
64949,1
64950,1
64951,1
64952,2
64953,2
64954,1
64955,1
64956,2
64957,2
64958,2
64959,3
64960,1
64961,2
64962,2
64963,1
64964,1
64965,1
64966,2
64967,2
64968,2
64969,1
64970,3
64971,2
64972,2
64973,3
64974,2
64975,2
64976,1
64977,2
64978,4
64979,2
64980,1
64981,6
64982,3
64983,1
64984,2
64985,2
64986,3
64987,1
64988,4
64989,2
64990,1
64991,1
64992,2
64993,5
64994,3
64995,3
64996,1
64997,1
64998,2
64999,1
65000,1
65001,1
65002,1
65003,2
65004,3
65005,3
65006,2
65007,5
65008,2
65009,1
65010,1
65011,1
65012,2
65013,1
65014,7
65015,1
65016,3
65017,3
65018,2
65019,1
65020,1
65021,2
65022,1
65023,2
65024,1
65025,2
65026,2
65027,2
65028,2
65029,2
65030,1
65031,3
65032,3
65033,2
65034,1
65035,2
65036,1
65037,3
65038,2
65039,2
65040,1
65041,1
65042,2
65043,2
65044,2
65045,1
65046,3
65047,1
65048,2
65049,2
65050,2
65051,2
65052,1
65053,1
65054,1
65055,2
65056,3
65057,2
65058,2
65059,2
65060,2
65061,1
65062,2
65063,1
65064,2
65065,2
65066,1
65067,1
65068,2
65069,1
65070,2
65071,1
65072,1
65073,1
65074,2
65075,2
65076,2
65077,1
65078,2
65079,2
65080,1
65081,1
65082,2
65083,2
65084,1
65085,1
65086,3
65087,1
65088,2
65089,2
65090,2
65091,1
65092,1
65093,3
65094,3
65095,3
65096,1
65097,1
65098,1
65099,1
65100,2
65101,1
65102,2
65103,1
65104,2
65105,1
65106,1
65107,1
65108,1
65109,1
65110,2
65111,1
65112,1
65113,3
65114,2
65115,2
65116,1
65117,1
65118,2
65119,2
65120,2
65121,1
65122,4
65123,3
65124,1
65125,2
65126,1
65127,2
65128,1
65129,1
65130,1
65131,1
65132,1
65133,2
65134,2
65135,3
65136,1
65137,2
65138,1
65139,1
65140,2
65141,2
65142,1
65143,2
65144,1
65145,1
65146,7
65147,2
65148,1
65149,1
65150,2
65151,2
65152,2
65153,1
65154,1
65155,5
65156,2
65157,2
65158,3
65159,4
65160,2
65161,1
65162,2
65163,2
65164,3
65165,1
65166,2
65167,1
65168,1
65169,1
65170,1
65171,1
65172,1
65173,1
65174,1
65175,2
65176,1
65177,2
65178,2
65179,1
65180,1
65181,2
65182,1
65183,2
65184,2
65185,1
65186,1
65187,1
65188,2
65189,1
65190,1
65191,2
65192,2
65193,1
65194,2
65195,1
65196,2
65197,2
65198,2
65199,2
65200,1
65201,2
65202,2
65203,1
65204,2
65205,2
65206,1
65207,3
65208,2
65209,2
65210,2
65211,3
65212,1
65213,1
65214,2
65215,1
65216,1
65217,2
65218,1
65219,1
65220,1
65221,1
65222,2
65223,1
65224,1
65225,1
65226,3
65227,2
65228,2
65229,1
65230,1
65231,1
65232,2
65233,1
65234,7
65235,1
65236,3
65237,1
65238,3
65239,1
65240,1
65241,3
65242,3
65243,1
65244,1
65245,2
65246,1
65247,2
65248,1
65249,7
65250,2
65251,2
65252,1
65253,2
65254,1
65255,2
65256,2
65257,2
65258,1
65259,2
65260,1
65261,1
65262,2
65263,1
65264,1
65265,1
65266,3
65267,1
65268,1
65269,3
65270,1
65271,2
65272,1
65273,2
65274,2
65275,2
65276,1
65277,2
65278,3
65279,2
65280,7
65281,4
65282,1
65283,1
65284,2
65285,1
65286,3
65287,2
65288,1
65289,1
65290,7
65291,1
65292,2
65293,1
65294,2
65295,2
65296,1
65297,2
65298,1
65299,1
65300,1
65301,2
65302,2
65303,2
65304,2
65305,1
65306,1
65307,2
65308,1
65309,2
65310,1
65311,1
65312,3
65313,2
65314,2
65315,2
65316,2
65317,2
65318,2
65319,1
65320,2
65321,1
65322,2
65323,2
65324,2
65325,2
65326,2
65327,4
65328,2
65329,2
65330,1
65331,1
65332,1
65333,2
65334,2
65335,1
65336,2
65337,2
65338,1
65339,1
65340,1
65341,1
65342,1
65343,3
65344,1
65345,2
65346,2
65347,1
65348,2
65349,1
65350,1
65351,1
65352,2
65353,2
65354,3
65355,1
65356,1
65357,2
65358,1
65359,2
65360,4
65361,2
65362,1
65363,2
65364,2
65365,2
65366,1
65367,1
65368,2
65369,1
65370,2
65371,1
65372,2
65373,3
65374,2
65375,2
65376,3
65377,2
65378,2
65379,1
65380,1
65381,3
65382,1
65383,2
65384,3
65385,3
65386,1
65387,1
65388,2
65389,2
65390,2
65391,2
65392,4
65393,1
65394,2
65395,2
65396,2
65397,2
65398,2
65399,1
65400,1
65401,1
65402,1
65403,2
65404,1
65405,1
65406,2
65407,2
65408,2
65409,1
65410,1
65411,2
65412,2
65413,2
65414,2
65415,1
65416,2
65417,1
65418,2
65419,3
65420,2
65421,3
65422,3
65423,7
65424,1
65425,2
65426,1
65427,2
65428,2
65429,2
65430,1
65431,3
65432,3
65433,2
65434,2
65435,2
65436,1
65437,1
65438,2
65439,2
65440,1
65441,2
65442,3
65443,2
65444,2
65445,2
65446,2
65447,3
65448,2
65449,2
65450,1
65451,1
65452,1
65453,2
65454,2
65455,1
65456,2
65457,2
65458,2
65459,3
65460,2
65461,2
65462,1
65463,1
65464,2
65465,1
65466,1
65467,3
65468,1
65469,2
65470,1
65471,2
65472,2
65473,2
65474,1
65475,3
65476,2
65477,1
65478,2
65479,1
65480,1
65481,1
65482,2
65483,1
65484,7
65485,2
65486,2
65487,1
65488,2
65489,1
65490,1
65491,1
65492,1
65493,1
65494,1
65495,2
65496,1
65497,1
65498,1
65499,2
65500,3
65501,1
65502,2
65503,1
65504,2
65505,2
65506,1
65507,1
65508,1
65509,1
65510,2
65511,1
65512,3
65513,2
65514,2
65515,2
65516,1
65517,1
65518,1
65519,1
65520,2
65521,2
65522,2
65523,1
65524,1
65525,1
65526,2
65527,1
65528,2
65529,2
65530,1
65531,1
65532,2
65533,2
65534,2
65535,4
65536,1
65537,1
65538,3
65539,1
65540,1
65541,1
65542,1
65543,1
65544,2
65545,1
65546,4
65547,3
65548,1
65549,1
65550,2
65551,5
65552,1
65553,2
65554,2
65555,2
65556,1
65557,1
65558,2
65559,1
65560,2
65561,3
65562,3
65563,2
65564,1
65565,2
65566,1
65567,2
65568,1
65569,4
65570,1
65571,1
65572,2
65573,5
65574,3
65575,1
65576,3
65577,1
65578,6
65579,2
65580,1
65581,1
65582,2
65583,1
65584,1
65585,1
65586,2
65587,1
65588,2
65589,2
65590,2
65591,1
65592,2
65593,1
65594,2
65595,2
65596,1
65597,2
65598,1
65599,2
65600,2
65601,2
65602,1
65603,2
65604,1
65605,1
65606,2
65607,1
65608,6
65609,1
65610,3
65611,1
65612,2
65613,2
65614,2
65615,6
65616,4
65617,1
65618,7
65619,1
65620,1
65621,1
65622,1
65623,2
65624,1
65625,2
65626,2
65627,1
65628,1
65629,2
65630,3
65631,2
65632,1
65633,2
65634,1
65635,2
65636,1
65637,1
65638,2
65639,1
65640,1
65641,2
65642,2
65643,1
65644,1
65645,1
65646,2
65647,2
65648,1
65649,1
65650,2
65651,1
65652,2
65653,1
65654,2
65655,2
65656,2
65657,2
65658,1
65659,4
65660,1
65661,1
65662,2
65663,1
65664,2
65665,1
65666,2
65667,6
65668,1
65669,2
65670,1
65671,2
65672,1
65673,1
65674,5
65675,1
65676,2
65677,1
65678,2
65679,1
65680,2
65681,2
65682,3
65683,2
65684,2
65685,1
65686,1
65687,1
65688,3
65689,1
65690,3
65691,1
65692,2
65693,2
65694,3
65695,2
65696,1
65697,1
65698,2
65699,1
65700,1
65701,1
65702,2
65703,1
65704,1
65705,6
65706,2
65707,2
65708,2
65709,1
65710,1
65711,4
65712,2
65713,2
65714,1
65715,2
65716,1
65717,1
65718,2
65719,1
65720,2
65721,2
65722,1
65723,2
65724,1
65725,1
65726,1
65727,2
65728,1
65729,1
65730,1
65731,1
65732,3
65733,2
65734,1
65735,3
65736,2
65737,1
65738,2
65739,2
65740,2
65741,1
65742,1
65743,2
65744,2
65745,1
65746,2
65747,1
65748,1
65749,1
65750,1
65751,1
65752,2
65753,1
65754,1
65755,2
65756,1
65757,1
65758,2
65759,1
65760,1
65761,1
65762,4
65763,6
65764,1
65765,2
65766,1
65767,2
65768,1
65769,2
65770,1
65771,2
65772,2
65773,3
65774,2
65775,2
65776,1
65777,1
65778,2
65779,1
65780,2
65781,2
65782,2
65783,2
65784,2
65785,2
65786,1
65787,2
65788,1
65789,1
65790,3
65791,2
65792,1
65793,2
65794,1
65795,1
65796,5
65797,1
65798,1
65799,1
65800,4
65801,2
65802,2
65803,3
65804,4
65805,1
65806,2
65807,2
65808,2
65809,1
65810,1
65811,3
65812,2
65813,2
65814,2
65815,1
65816,2
65817,1
65818,2
65819,2
65820,3
65821,1
65822,1
65823,2
65824,1
65825,2
65826,1
65827,1
65828,2
65829,1
65830,1
65831,2
65832,2
65833,1
65834,2
65835,1
65836,3
65837,3
65838,2
65839,2
65840,2
65841,2
65842,2
65843,2
65844,1
65845,1
65846,2
65847,1
65848,2
65849,1
65850,1
65851,2
65852,2
65853,2
65854,2
65855,2
65856,2
65857,2
65858,1
65859,1
65860,2
65861,1
65862,2
65863,1
65864,2
65865,1
65866,2
65867,2
65868,2
65869,1
65870,1
65871,3
65872,1
65873,1
65874,2
65875,1
65876,2
65877,1
65878,1
65879,1
65880,3
65881,2
65882,1
65883,3
65884,1
65885,1
65886,2
65887,1
65888,2
65889,2
65890,5
65891,1
65892,2
65893,2
65894,1
65895,2
65896,1
65897,1
65898,1
65899,2
65900,2
65901,1
65902,2
65903,1
65904,1
65905,2
65906,1
65907,1
65908,2
65909,3
65910,1
65911,2
65912,1
65913,1
65914,2
65915,2
65916,1
65917,2
65918,2
65919,1
65920,1
65921,5
65922,3
65923,1
65924,2
65925,1
65926,2
65927,2
65928,2
65929,1
65930,1
65931,1
65932,2
65933,1
65934,1
65935,2
65936,2
65937,1
65938,2
65939,2
65940,2
65941,2
65942,1
65943,1
65944,2
65945,1
65946,1
65947,1
65948,1
65949,2
65950,2
65951,2
65952,1
65953,1
65954,1
65955,2
65956,1
65957,2
65958,3
65959,1
65960,1
65961,1
65962,1
65963,1
65964,3
65965,2
65966,1
65967,2
65968,1
65969,2
65970,1
65971,2
65972,2
65973,2
65974,3
65975,1
65976,1
65977,5
65978,1
65979,3
65980,2
65981,2
65982,1
65983,1
65984,1
65985,4
65986,3
65987,2
65988,1
65989,2
65990,1
65991,1
65992,1
65993,2
65994,1
65995,1
65996,1
65997,2
65998,1
65999,2
66000,2
66001,1
66002,2
66003,2
66004,3
66005,1
66006,2
66007,1
66008,2
66009,2
66010,2
66011,1
66012,2
66013,1
66014,2
66015,1
66016,2
66017,2
66018,1
66019,1
66020,2
66021,1
66022,1
66023,1
66024,1
66025,6
66026,5
66027,2
66028,1
66029,1
66030,3
66031,1
66032,1
66033,1
66034,1
66035,1
66036,2
66037,2
66038,2
66039,1
66040,1
66041,2
66042,1
66043,2
66044,1
66045,2
66046,3
66047,2
66048,1
66049,2
66050,2
66051,2
66052,1
66053,3
66054,2
66055,1
66056,3
66057,2
66058,2
66059,3
66060,1
66061,2
66062,1
66063,1
66064,2
66065,1
66066,1
66067,2
66068,2
66069,3
66070,1
66071,2
66072,2
66073,2
66074,1
66075,2
66076,2
66077,1
66078,1
66079,1
66080,1
66081,2
66082,2
66083,2
66084,1
66085,2
66086,2
66087,1
66088,1
66089,1
66090,1
66091,2
66092,1
66093,1
66094,2
66095,2
66096,1
66097,1
66098,1
66099,1
66100,2
66101,5
66102,2
66103,1
66104,2
66105,1
66106,3
66107,1
66108,2
66109,2
66110,1
66111,1
66112,1
66113,2
66114,1
66115,2
66116,1
66117,1
66118,1
66119,3
66120,1
66121,1
66122,1
66123,2
66124,1
66125,1
66126,4
66127,2
66128,2
66129,1
66130,2
66131,2
66132,2
66133,1
66134,1
66135,1
66136,1
66137,2
66138,3
66139,1
66140,2
66141,1
66142,2
66143,3
66144,2
66145,3
66146,3
66147,2
66148,2
66149,1
66150,1
66151,1
66152,2
66153,1
66154,1
66155,1
66156,1
66157,2
66158,2
66159,3
66160,1
66161,1
66162,1
66163,1
66164,2
66165,3
66166,1
66167,1
66168,4
66169,2
66170,2
66171,3
66172,1
66173,1
66174,1
66175,2
66176,2
66177,1
66178,2
66179,2
66180,2
66181,1
66182,1
66183,1
66184,2
66185,2
66186,1
66187,1
66188,1
66189,6
66190,5
66191,1
66192,1
66193,3
66194,2
66195,1
66196,2
66197,2
66198,2
66199,1
66200,1
66201,1
66202,2
66203,1
66204,2
66205,3
66206,1
66207,2
66208,1
66209,1
66210,1
66211,2
66212,1
66213,2
66214,2
66215,1
66216,1
66217,1
66218,2
66219,1
66220,1
66221,1
66222,1
66223,2
66224,1
66225,2
66226,2
66227,1
66228,1
66229,1
66230,4
66231,1
66232,2
66233,2
66234,6
66235,2
66236,1
66237,1
66238,2
66239,2
66240,2
66241,1
66242,1
66243,3
66244,1
66245,1
66246,2
66247,3
66248,2
66249,1
66250,1
66251,2
66252,1
66253,1
66254,2
66255,1
66256,2
66257,1
66258,1
66259,1
66260,2
66261,1
66262,2
66263,1
66264,1
66265,1
66266,2
66267,3
66268,2
66269,1
66270,1
66271,2
66272,1
66273,1
66274,2
66275,1
66276,2
66277,1
66278,2
66279,2
66280,1
66281,3
66282,3
66283,1
66284,1
66285,2
66286,2
66287,1
66288,2
66289,1
66290,2
66291,2
66292,1
66293,1
66294,2
66295,1
66296,1
66297,1
66298,1
66299,1
66300,1
66301,1
66302,2
66303,1
66304,2
66305,2
66306,2
66307,6
66308,2
66309,2
66310,2
66311,1
66312,2
66313,2
66314,2
66315,2
66316,1
66317,2
66318,1
66319,4
66320,3
66321,2
66322,2
66323,1
66324,1
66325,2
66326,1
66327,1
66328,1
66329,1
66330,1
66331,1
66332,2
66333,1
66334,2
66335,2
66336,1
66337,2
66338,1
66339,1
66340,1
66341,2
66342,1
66343,5
66344,1
66345,1
66346,1
66347,1
66348,3
66349,2
66350,2
66351,1
66352,1
66353,1
66354,2
66355,1
66356,1
66357,1
66358,2
66359,1
66360,1
66361,2
66362,1
66363,2
66364,2
66365,2
66366,2
66367,2
66368,2
66369,2
66370,2
66371,2
66372,3
66373,1
66374,1
66375,3
66376,1
66377,2
66378,1
66379,2
66380,1
66381,1
66382,2
66383,3
66384,3
66385,2
66386,2
66387,3
66388,1
66389,3
66390,1
66391,1
66392,1
66393,1
66394,1
66395,2
66396,2
66397,1
66398,2
66399,2
66400,1
66401,2
66402,2
66403,2
66404,1
66405,1
66406,1
66407,1
66408,1
66409,2
66410,1
66411,2
66412,2
66413,1
66414,5
66415,1
66416,2
66417,2
66418,3
66419,2
66420,1
66421,1
66422,2
66423,1
66424,1
66425,5
66426,2
66427,3
66428,3
66429,2
66430,3
66431,2
66432,1
66433,2
66434,1
66435,1
66436,3
66437,2
66438,1
66439,2
66440,1
66441,2
66442,3
66443,1
66444,2
66445,1
66446,1
66447,2
66448,2
66449,4
66450,1
66451,3
66452,2
66453,1
66454,1
66455,1
66456,2
66457,2
66458,2
66459,1
66460,2
66461,1
66462,2
66463,2
66464,1
66465,4
66466,1
66467,2
66468,2
66469,2
66470,2
66471,1
66472,2
66473,2
66474,2
66475,1
66476,1
66477,1
66478,2
66479,1
66480,2
66481,1
66482,1
66483,1
66484,1
66485,2
66486,2
66487,2
66488,3
66489,1
66490,1
66491,1
66492,3
66493,1
66494,1
66495,2
66496,2
66497,1
66498,1
66499,3
66500,1
66501,3
66502,1
66503,2
66504,2
66505,2
66506,1
66507,1
66508,2
66509,1
66510,2
66511,2
66512,2
66513,2
66514,1
66515,3
66516,1
66517,1
66518,3
66519,1
66520,2
66521,2
66522,1
66523,2
66524,2
66525,2
66526,1
66527,2
66528,1
66529,1
66530,1
66531,1
66532,1
66533,1
66534,1
66535,1
66536,1
66537,4
66538,1
66539,1
66540,2
66541,2
66542,1
66543,1
66544,3
66545,2
66546,2
66547,1
66548,1
66549,2
66550,2
66551,1
66552,1
66553,2
66554,6
66555,1
66556,1
66557,1
66558,2
66559,2
66560,1
66561,1
66562,1
66563,2
66564,1
66565,1
66566,1
66567,2
66568,2
66569,1
66570,1
66571,1
66572,1
66573,1
66574,3
66575,1
66576,2
66577,2
66578,1
66579,2
66580,1
66581,1
66582,2
66583,2
66584,2
66585,2
66586,1
66587,1
66588,2
66589,1
66590,3
66591,1
66592,1
66593,1
66594,1
66595,1
66596,2
66597,2
66598,2
66599,1
66600,1
66601,1
66602,2
66603,2
66604,1
66605,2
66606,3
66607,2
66608,2
66609,2
66610,2
66611,1
66612,1
66613,2
66614,6
66615,1
66616,1
66617,2
66618,3
66619,2
66620,1
66621,5
66622,1
66623,2
66624,2
66625,2
66626,1
66627,1
66628,1
66629,3
66630,2
66631,1
66632,2
66633,3
66634,4
66635,3
66636,2
66637,1
66638,2
66639,2
66640,2
66641,2
66642,2
66643,2
66644,1
66645,1
66646,5
66647,2
66648,2
66649,1
66650,1
66651,2
66652,1
66653,2
66654,1
66655,1
66656,1
66657,1
66658,1
66659,2
66660,1
66661,2
66662,1
66663,5
66664,2
66665,1
66666,3
66667,2
66668,1
66669,2
66670,3
66671,2
66672,1
66673,1
66674,2
66675,1
66676,1
66677,1
66678,1
66679,1
66680,1
66681,2
66682,2
66683,3
66684,1
66685,2
66686,1
66687,1
66688,1
66689,1
66690,1
66691,2
66692,2
66693,1
66694,1
66695,1
66696,1
66697,1
66698,1
66699,2
66700,1
66701,1
66702,1
66703,1
66704,3
66705,1
66706,1
66707,2
66708,2
66709,1
66710,2
66711,1
66712,2
66713,1
66714,1
66715,1
66716,1
66717,2
66718,2
66719,2
66720,3
66721,2
66722,1
66723,2
66724,2
66725,2
66726,2
66727,1
66728,1
66729,1
66730,1
66731,1
66732,2
66733,1
66734,2
66735,2
66736,1
66737,1
66738,1
66739,1
66740,2
66741,2
66742,3
66743,2
66744,1
66745,1
66746,1
66747,5
66748,2
66749,2
66750,2
66751,1
66752,2
66753,1
66754,2
66755,2
66756,3
66757,1
66758,3
66759,1
66760,1
66761,2
66762,3
66763,1
66764,1
66765,2
66766,2
66767,2
66768,2
66769,2
66770,2
66771,2
66772,2
66773,1
66774,2
66775,1
66776,2
66777,3
66778,1
66779,3
66780,2
66781,1
66782,1
66783,1
66784,2
66785,1
66786,1
66787,2
66788,1
66789,2
66790,1
66791,1
66792,1
66793,2
66794,1
66795,2
66796,1
66797,2
66798,2
66799,1
66800,3
66801,1
66802,2
66803,2
66804,1
66805,1
66806,2
66807,2
66808,1
66809,2
66810,2
66811,1
66812,2
66813,1
66814,6
66815,1
66816,2
66817,2
66818,1
66819,1
66820,1
66821,2
66822,2
66823,6
66824,6
66825,1
66826,1
66827,1
66828,1
66829,1
66830,1
66831,1
66832,2
66833,1
66834,1
66835,1
66836,2
66837,1
66838,2
66839,2
66840,2
66841,1
66842,4
66843,1
66844,1
66845,1
66846,1
66847,1
66848,2
66849,2
66850,2
66851,1
66852,1
66853,3
66854,2
66855,2
66856,1
66857,1
66858,1
66859,1
66860,2
66861,2
66862,5
66863,1
66864,3
66865,2
66866,1
66867,2
66868,1
66869,2
66870,6
66871,1
66872,1
66873,3
66874,1
66875,1
66876,2
66877,2
66878,3
66879,1
66880,2
66881,2
66882,1
66883,1
66884,1
66885,1
66886,2
66887,6
66888,2
66889,1
66890,1
66891,6
66892,2
66893,2
66894,2
66895,3
66896,1
66897,2
66898,2
66899,1
66900,2
66901,2
66902,2
66903,1
66904,1
66905,1
66906,2
66907,2
66908,2
66909,1
66910,2
66911,1
66912,2
66913,2
66914,2
66915,1
66916,2
66917,1
66918,2
66919,2
66920,1
66921,1
66922,1
66923,2
66924,2
66925,2
66926,1
66927,2
66928,1
66929,1
66930,3
66931,1
66932,2
66933,2
66934,1
66935,2
66936,2
66937,2
66938,2
66939,1
66940,1
66941,1
66942,1
66943,1
66944,2
66945,2
66946,2
66947,1
66948,1
66949,1
66950,2
66951,1
66952,3
66953,2
66954,1
66955,2
66956,5
66957,2
66958,3
66959,1
66960,1
66961,1
66962,2
66963,1
66964,1
66965,3
66966,2
66967,1
66968,2
66969,2
66970,2
66971,1
66972,1
66973,5
66974,2
66975,1
66976,2
66977,1
66978,1
66979,1
66980,2
66981,1
66982,2
66983,3
66984,1
66985,2
66986,2
66987,3
66988,1
66989,1
66990,2
66991,1
66992,1
66993,1
66994,2
66995,2
66996,2
66997,1
66998,1
66999,2
67000,1
67001,1
67002,1
67003,2
67004,1
67005,1
67006,1
67007,1
67008,2
67009,1
67010,3
67011,1
67012,2
67013,2
67014,2
67015,3
67016,1
67017,1
67018,1
67019,2
67020,1
67021,1
67022,2
67023,1
67024,1
67025,3
67026,3
67027,1
67028,2
67029,2
67030,3
67031,2
67032,2
67033,2
67034,2
67035,4
67036,1
67037,1
67038,2
67039,1
67040,2
67041,2
67042,1
67043,2
67044,2
67045,2
67046,1
67047,1
67048,2
67049,2
67050,3
67051,1
67052,2
67053,2
67054,1
67055,2
67056,1
67057,2
67058,1
67059,2
67060,6
67061,1
67062,1
67063,3
67064,1
67065,6
67066,1
67067,1
67068,2
67069,1
67070,1
67071,2
67072,1
67073,1
67074,2
67075,2
67076,2
67077,2
67078,1
67079,1
67080,2
67081,2
67082,2
67083,2
67084,2
67085,1
67086,1
67087,1
67088,2
67089,2
67090,2
67091,1
67092,2
67093,1
67094,2
67095,1
67096,2
67097,2
67098,1
67099,4
67100,1
67101,3
67102,1
67103,2
67104,2
67105,1
67106,4
67107,1
67108,2
67109,1
67110,7
67111,1
67112,2
67113,2
67114,1
67115,2
67116,1
67117,2
67118,1
67119,1
67120,1
67121,2
67122,1
67123,1
67124,1
67125,2
67126,3
67127,2
67128,2
67129,2
67130,2
67131,2
67132,1
67133,2
67134,2
67135,3
67136,2
67137,1
67138,2
67139,3
67140,1
67141,2
67142,2
67143,2
67144,2
67145,2
67146,2
67147,1
67148,1
67149,2
67150,1
67151,2
67152,1
67153,1
67154,1
67155,1
67156,2
67157,2
67158,2
67159,1
67160,2
67161,3
67162,1
67163,1
67164,2
67165,4
67166,1
67167,1
67168,6
67169,1
67170,1
67171,3
67172,1
67173,3
67174,2
67175,2
67176,1
67177,1
67178,1
67179,2
67180,1
67181,1
67182,1
67183,1
67184,2
67185,1
67186,1
67187,2
67188,5
67189,2
67190,3
67191,2
67192,1
67193,1
67194,1
67195,1
67196,2
67197,1
67198,2
67199,2
67200,2
67201,1
67202,2
67203,2
67204,1
67205,1
67206,1
67207,1
67208,1
67209,1
67210,1
67211,1
67212,1
67213,2
67214,1
67215,2
67216,1
67217,3
67218,1
67219,2
67220,2
67221,3
67222,2
67223,1
67224,1
67225,2
67226,3
67227,1
67228,1
67229,2
67230,1
67231,2
67232,1
67233,2
67234,1
67235,1
67236,1
67237,1
67238,1
67239,1
67240,1
67241,2
67242,6
67243,2
67244,1
67245,1
67246,1
67247,2
67248,2
67249,1
67250,1
67251,1
67252,2
67253,2
67254,1
67255,1
67256,2
67257,1
67258,1
67259,2
67260,1
67261,1
67262,1
67263,2
67264,2
67265,1
67266,1
67267,2
67268,3
67269,1
67270,2
67271,1
67272,1
67273,2
67274,1
67275,2
67276,3
67277,1
67278,1
67279,2
67280,1
67281,3
67282,2
67283,2
67284,2
67285,1
67286,1
67287,3
67288,1
67289,1
67290,1
67291,1
67292,1
67293,1
67294,1
67295,2
67296,2
67297,1
67298,1
67299,1
67300,1
67301,2
67302,1
67303,1
67304,1
67305,3
67306,2
67307,1
67308,2
67309,2
67310,2
67311,2
67312,7
67313,1
67314,1
67315,1
67316,1
67317,2
67318,2
67319,1
67320,3
67321,2
67322,3
67323,1
67324,2
67325,1
67326,2
67327,1
67328,1
67329,1
67330,2
67331,1
67332,1
67333,1
67334,2
67335,1
67336,2
67337,2
67338,1
67339,1
67340,1
67341,7
67342,2
67343,1
67344,2
67345,1
67346,3
67347,1
67348,1
67349,6
67350,1
67351,1
67352,1
67353,2
67354,1
67355,1
67356,2
67357,3
67358,2
67359,1
67360,1
67361,3
67362,2
67363,2
67364,1
67365,1
67366,1
67367,1
67368,1
67369,1
67370,2
67371,1
67372,1
67373,2
67374,1
67375,2
67376,2
67377,1
67378,3
67379,2
67380,1
67381,2
67382,1
67383,2
67384,1
67385,1
67386,1
67387,1
67388,1
67389,1
67390,3
67391,1
67392,2
67393,1
67394,3
67395,2
67396,1
67397,2
67398,2
67399,2
67400,1
67401,2
67402,3
67403,1
67404,1
67405,2
67406,1
67407,2
67408,2
67409,3
67410,6
67411,1
67412,1
67413,1
67414,2
67415,2
67416,5
67417,5
67418,2
67419,1
67420,1
67421,1
67422,3
67423,3
67424,1
67425,1
67426,3
67427,1
67428,2
67429,1
67430,3
67431,1
67432,1
67433,1
67434,1
67435,1
67436,2
67437,1
67438,3
67439,1
67440,1
67441,2
67442,1
67443,3
67444,1
67445,1
67446,1
67447,2
67448,1
67449,3
67450,3
67451,1
67452,2
67453,2
67454,1
67455,1
67456,2
67457,2
67458,1
67459,1
67460,2
67461,1
67462,2
67463,1
67464,2
67465,1
67466,2
67467,1
67468,2
67469,2
67470,2
67471,1
67472,1
67473,1
67474,2
67475,2
67476,2
67477,1
67478,2
67479,2
67480,1
67481,1
67482,1
67483,1
67484,1
67485,1
67486,1
67487,1
67488,1
67489,1
67490,1
67491,2
67492,2
67493,1
67494,2
67495,1
67496,2
67497,2
67498,1
67499,1
67500,2
67501,1
67502,1
67503,2
67504,2
67505,2
67506,3
67507,1
67508,2
67509,2
67510,1
67511,1
67512,2
67513,1
67514,4
67515,1
67516,2
67517,1
67518,1
67519,1
67520,2
67521,1
67522,1
67523,1
67524,1
67525,2
67526,2
67527,2
67528,2
67529,4
67530,1
67531,2
67532,1
67533,1
67534,1
67535,2
67536,2
67537,1
67538,2
67539,2
67540,1
67541,1
67542,2
67543,1
67544,1
67545,2
67546,2
67547,2
67548,1
67549,2
67550,1
67551,3
67552,1
67553,2
67554,1
67555,2
67556,1
67557,2
67558,1
67559,1
67560,1
67561,2
67562,1
67563,1
67564,2
67565,1
67566,1
67567,2
67568,2
67569,4
67570,1
67571,1
67572,1
67573,1
67574,2
67575,1
67576,1
67577,1
67578,2
67579,2
67580,6
67581,1
67582,1
67583,1
67584,2
67585,2
67586,2
67587,1
67588,1
67589,4
67590,2
67591,2
67592,2
67593,1
67594,4
67595,1
67596,2
67597,2
67598,1
67599,1
67600,2
67601,5
67602,3
67603,1
67604,1
67605,1
67606,2
67607,2
67608,2
67609,3
67610,3
67611,2
67612,2
67613,1
67614,1
67615,2
67616,3
67617,2
67618,1
67619,2
67620,2
67621,2
67622,2
67623,2
67624,6
67625,1
67626,1
67627,1
67628,4
67629,2
67630,1
67631,1
67632,2
67633,1
67634,3
67635,2
67636,2
67637,2
67638,2
67639,1
67640,3
67641,2
67642,1
67643,2
67644,2
67645,2
67646,2
67647,2
67648,2
67649,1
67650,2
67651,1
67652,1
67653,4
67654,1
67655,3
67656,1
67657,2
67658,2
67659,2
67660,2
67661,1
67662,1
67663,1
67664,2
67665,2
67666,1
67667,2
67668,1
67669,2
67670,1
67671,2
67672,2
67673,1
67674,3
67675,2
67676,2
67677,2
67678,2
67679,1
67680,3
67681,3
67682,1
67683,1
67684,2
67685,2
67686,2
67687,3
67688,1
67689,1
67690,1
67691,1
67692,2
67693,2
67694,4
67695,2
67696,1
67697,1
67698,1
67699,2
67700,1
67701,2
67702,1
67703,1
67704,1
67705,1
67706,3
67707,2
67708,1
67709,1
67710,1
67711,5
67712,2
67713,1
67714,1
67715,1
67716,1
67717,1
67718,2
67719,2
67720,1
67721,1
67722,2
67723,1
67724,2
67725,2
67726,2
67727,2
67728,1
67729,2
67730,2
67731,2
67732,1
67733,1
67734,2
67735,1
67736,1
67737,3
67738,1
67739,2
67740,2
67741,3
67742,2
67743,1
67744,1
67745,1
67746,2
67747,2
67748,2
67749,1
67750,2
67751,1
67752,2
67753,3
67754,2
67755,1
67756,1
67757,1
67758,2
67759,1
67760,1
67761,3
67762,1
67763,1
67764,1
67765,1
67766,2
67767,1
67768,2
67769,2
67770,1
67771,1
67772,2
67773,2
67774,1
67775,1
67776,2
67777,1
67778,2
67779,1
67780,1
67781,1
67782,1
67783,2
67784,2
67785,4
67786,2
67787,2
67788,1
67789,2
67790,3
67791,2
67792,1
67793,2
67794,2
67795,3
67796,1
67797,1
67798,1
67799,2
67800,1
67801,2
67802,2
67803,2
67804,4
67805,2
67806,2
67807,1
67808,3
67809,6
67810,3
67811,1
67812,4
67813,4
67814,1
67815,2
67816,1
67817,1
67818,3
67819,1
67820,2
67821,1
67822,3
67823,2
67824,1
67825,2
67826,2
67827,2
67828,1
67829,2
67830,1
67831,1
67832,3
67833,2
67834,1
67835,1
67836,2
67837,2
67838,1
67839,1
67840,3
67841,1
67842,1
67843,1
67844,1
67845,2
67846,2
67847,2
67848,2
67849,1
67850,1
67851,2
67852,3
67853,1
67854,1
67855,1
67856,2
67857,1
67858,3
67859,1
67860,2
67861,1
67862,1
67863,1
67864,1
67865,2
67866,1
67867,2
67868,1
67869,1
67870,1
67871,2
67872,1
67873,1
67874,2
67875,2
67876,3
67877,1
67878,2
67879,2
67880,1
67881,1
67882,2
67883,2
67884,1
67885,1
67886,2
67887,2
67888,2
67889,1
67890,2
67891,6
67892,1
67893,1
67894,1
67895,2
67896,1
67897,2
67898,3
67899,1
67900,5
67901,1
67902,1
67903,1
67904,2
67905,1
67906,1
67907,2
67908,1
67909,2
67910,1
67911,1
67912,1
67913,1
67914,1
67915,1
67916,1
67917,1
67918,1
67919,1
67920,1
67921,2
67922,2
67923,2
67924,1
67925,1
67926,1
67927,2
67928,2
67929,2
67930,4
67931,2
67932,1
67933,1
67934,2
67935,2
67936,2
67937,2
67938,1
67939,1
67940,3
67941,1
67942,2
67943,3
67944,2
67945,1
67946,4
67947,1
67948,2
67949,2
67950,1
67951,2
67952,1
67953,1
67954,2
67955,2
67956,3
67957,1
67958,2
67959,5
67960,2
67961,2
67962,2
67963,1
67964,1
67965,2
67966,1
67967,1
67968,2
67969,2
67970,1
67971,2
67972,2
67973,1
67974,2
67975,2
67976,2
67977,1
67978,2
67979,3
67980,2
67981,1
67982,1
67983,3
67984,2
67985,1
67986,1
67987,2
67988,2
67989,1
67990,2
67991,2
67992,1
67993,1
67994,1
67995,2
67996,2
67997,1
67998,2
67999,1
68000,1
68001,1
68002,1
68003,2
68004,1
68005,1
68006,3
68007,1
68008,2
68009,1
68010,2
68011,2
68012,1
68013,2
68014,1
68015,1
68016,2
68017,1
68018,1
68019,2
68020,1
68021,1
68022,2
68023,2
68024,1
68025,1
68026,2
68027,2
68028,2
68029,1
68030,2
68031,1
68032,2
68033,1
68034,2
68035,2
68036,6
68037,5
68038,3
68039,1
68040,1
68041,2
68042,2
68043,1
68044,2
68045,3
68046,1
68047,2
68048,3
68049,3
68050,2
68051,1
68052,2
68053,2
68054,1
68055,3
68056,1
68057,2
68058,2
68059,2
68060,2
68061,3
68062,2
68063,1
68064,1
68065,2
68066,2
68067,1
68068,1
68069,2
68070,1
68071,1
68072,1
68073,2
68074,2
68075,2
68076,2
68077,1
68078,2
68079,3
68080,1
68081,2
68082,1
68083,2
68084,2
68085,4
68086,1
68087,1
68088,1
68089,2
68090,1
68091,1
68092,1
68093,1
68094,2
68095,1
68096,3
68097,2
68098,1
68099,4
68100,1
68101,1
68102,1
68103,1
68104,2
68105,3
68106,3
68107,2
68108,1
68109,2
68110,1
68111,2
68112,1
68113,1
68114,2
68115,1
68116,1
68117,2
68118,1
68119,2
68120,2
68121,1
68122,1
68123,1
68124,1
68125,2
68126,2
68127,1
68128,1
68129,2
68130,2
68131,1
68132,1
68133,3
68134,1
68135,2
68136,1
68137,3
68138,1
68139,2
68140,3
68141,2
68142,1
68143,1
68144,3
68145,2
68146,1
68147,3
68148,1
68149,1
68150,2
68151,1
68152,3
68153,1
68154,2
68155,2
68156,1
68157,1
68158,2
68159,1
68160,2
68161,2
68162,2
68163,3
68164,1
68165,2
68166,2
68167,1
68168,1
68169,1
68170,1
68171,1
68172,2
68173,2
68174,2
68175,2
68176,2
68177,1
68178,1
68179,1
68180,1
68181,1
68182,1
68183,2
68184,2
68185,1
68186,1
68187,2
68188,1
68189,2
68190,2
68191,1
68192,2
68193,2
68194,1
68195,1
68196,1
68197,2
68198,5
68199,2
68200,2
68201,2
68202,2
68203,2
68204,2
68205,2
68206,2
68207,1
68208,2
68209,2
68210,1
68211,1
68212,2
68213,2
68214,2
68215,2
68216,2
68217,2
68218,1
68219,2
68220,2
68221,2
68222,2
68223,2
68224,1
68225,3
68226,1
68227,2
68228,1
68229,1
68230,2
68231,1
68232,1
68233,1
68234,2
68235,2
68236,1
68237,3
68238,1
68239,1
68240,2
68241,1
68242,2
68243,2
68244,3
68245,4
68246,1
68247,1
68248,1
68249,2
68250,2
68251,2
68252,1
68253,2
68254,7
68255,1
68256,1
68257,2
68258,1
68259,1
68260,2
68261,1
68262,1
68263,1
68264,2
68265,2
68266,1
68267,6
68268,1
68269,1
68270,2
68271,2
68272,2
68273,1
68274,1
68275,1
68276,1
68277,2
68278,2
68279,2
68280,2
68281,1
68282,1
68283,1
68284,1
68285,2
68286,2
68287,1
68288,1
68289,1
68290,2
68291,1
68292,2
68293,2
68294,2
68295,1
68296,1
68297,1
68298,2
68299,2
68300,6
68301,6
68302,1
68303,2
68304,1
68305,2
68306,6
68307,2
68308,3
68309,2
68310,1
68311,2
68312,1
68313,1
68314,1
68315,2
68316,3
68317,1
68318,1
68319,2
68320,2
68321,1
68322,2
68323,3
68324,2
68325,2
68326,3
68327,1
68328,1
68329,3
68330,1
68331,1
68332,2
68333,2
68334,6
68335,2
68336,4
68337,1
68338,1
68339,3
68340,2
68341,2
68342,2
68343,2
68344,2
68345,3
68346,1
68347,2
68348,1
68349,2
68350,1
68351,2
68352,2
68353,1
68354,2
68355,2
68356,1
68357,1
68358,1
68359,1
68360,1
68361,2
68362,1
68363,1
68364,1
68365,2
68366,2
68367,2
68368,1
68369,4
68370,1
68371,1
68372,4
68373,2
68374,1
68375,2
68376,1
68377,2
68378,1
68379,1
68380,2
68381,1
68382,2
68383,2
68384,1
68385,1
68386,2
68387,1
68388,2
68389,1
68390,2
68391,2
68392,3
68393,1
68394,2
68395,2
68396,2
68397,2
68398,2
68399,2
68400,3
68401,1
68402,2
68403,2
68404,1
68405,2
68406,1
68407,1
68408,1
68409,1
68410,2
68411,2
68412,1
68413,2
68414,1
68415,1
68416,1
68417,1
68418,3
68419,2
68420,1
68421,1
68422,1
68423,1
68424,3
68425,1
68426,2
68427,1
68428,1
68429,2
68430,2
68431,3
68432,1
68433,1
68434,2
68435,1
68436,1
68437,2
68438,2
68439,3
68440,3
68441,2
68442,1
68443,1
68444,2
68445,2
68446,1
68447,3
68448,1
68449,2
68450,1
68451,2
68452,1
68453,1
68454,1
68455,4
68456,1
68457,2
68458,1
68459,2
68460,1
68461,1
68462,1
68463,2
68464,1
68465,2
68466,1
68467,1
68468,1
68469,1
68470,1
68471,1
68472,3
68473,2
68474,1
68475,2
68476,3
68477,1
68478,2
68479,1
68480,2
68481,2
68482,2
68483,2
68484,2
68485,2
68486,2
68487,1
68488,1
68489,1
68490,2
68491,1
68492,2
68493,1
68494,1
68495,1
68496,6
68497,2
68498,1
68499,2
68500,2
68501,2
68502,2
68503,2
68504,1
68505,2
68506,5
68507,1
68508,2
68509,1
68510,3
68511,2
68512,2
68513,2
68514,2
68515,2
68516,1
68517,7
68518,1
68519,1
68520,2
68521,1
68522,2
68523,1
68524,3
68525,1
68526,6
68527,2
68528,2
68529,1
68530,1
68531,2
68532,2
68533,1
68534,1
68535,3
68536,2
68537,1
68538,2
68539,1
68540,1
68541,1
68542,1
68543,1
68544,1
68545,1
68546,1
68547,3
68548,2
68549,2
68550,1
68551,1
68552,3
68553,1
68554,1
68555,1
68556,3
68557,2
68558,2
68559,1
68560,2
68561,1
68562,2
68563,1
68564,1
68565,1
68566,2
68567,1
68568,3
68569,1
68570,2
68571,2
68572,1
68573,3
68574,2
68575,1
68576,2
68577,2
68578,2
68579,2
68580,2
68581,2
68582,3
68583,2
68584,1
68585,6
68586,2
68587,2
68588,1
68589,3
68590,2
68591,1
68592,1
68593,2
68594,6
68595,1
68596,1
68597,3
68598,2
68599,1
68600,2
68601,2
68602,1
68603,2
68604,2
68605,2
68606,1
68607,1
68608,1
68609,2
68610,1
68611,4
68612,1
68613,1
68614,2
68615,1
68616,2
68617,1
68618,1
68619,1
68620,1
68621,6
68622,2
68623,2
68624,2
68625,1
68626,1
68627,2
68628,1
68629,2
68630,1
68631,3
68632,1
68633,1
68634,1
68635,1
68636,2
68637,1
68638,1
68639,3
68640,1
68641,3
68642,2
68643,2
68644,2
68645,1
68646,1
68647,3
68648,3
68649,2
68650,2
68651,1
68652,1
68653,1
68654,2
68655,2
68656,2
68657,3
68658,2
68659,2
68660,3
68661,1
68662,2
68663,1
68664,2
68665,2
68666,2
68667,1
68668,2
68669,1
68670,2
68671,5
68672,2
68673,2
68674,1
68675,1
68676,1
68677,1
68678,2
68679,2
68680,2
68681,1
68682,2
68683,1
68684,2
68685,1
68686,1
68687,1
68688,2
68689,3
68690,2
68691,1
68692,3
68693,1
68694,2
68695,3
68696,2
68697,1
68698,2
68699,1
68700,6
68701,3
68702,1
68703,1
68704,2
68705,2
68706,3
68707,2
68708,1
68709,2
68710,6
68711,2
68712,1
68713,2
68714,1
68715,2
68716,2
68717,2
68718,1
68719,3
68720,2
68721,2
68722,2
68723,1
68724,2
68725,4
68726,5
68727,1
68728,2
68729,2
68730,2
68731,1
68732,2
68733,1
68734,4
68735,2
68736,2
68737,2
68738,1
68739,2
68740,3
68741,2
68742,1
68743,2
68744,1
68745,1
68746,1
68747,1
68748,1
68749,2
68750,3
68751,1
68752,1
68753,5
68754,1
68755,4
68756,1
68757,1
68758,2
68759,2
68760,2
68761,2
68762,1
68763,1
68764,2
68765,2
68766,1
68767,4
68768,1
68769,1
68770,1
68771,1
68772,1
68773,1
68774,2
68775,2
68776,2
68777,1
68778,2
68779,2
68780,1
68781,3
68782,2
68783,2
68784,2
68785,1
68786,1
68787,2
68788,2
68789,2
68790,3
68791,1
68792,1
68793,1
68794,2
68795,2
68796,2
68797,3
68798,2
68799,1
68800,1
68801,2
68802,1
68803,1
68804,1
68805,1
68806,2
68807,3
68808,1
68809,4
68810,1
68811,1
68812,2
68813,1
68814,1
68815,1
68816,3
68817,2
68818,2
68819,1
68820,1
68821,3
68822,1
68823,2
68824,1
68825,2
68826,2
68827,3
68828,2
68829,4
68830,1
68831,1
68832,1
68833,2
68834,1
68835,1
68836,2
68837,2
68838,2
68839,1
68840,1
68841,2
68842,2
68843,1
68844,3
68845,1
68846,1
68847,1
68848,2
68849,2
68850,1
68851,1
68852,1
68853,1
68854,2
68855,2
68856,1
68857,1
68858,2
68859,4
68860,2
68861,1
68862,1
68863,2
68864,4
68865,1
68866,2
68867,2
68868,1
68869,2
68870,2
68871,2
68872,2
68873,3
68874,1
68875,2
68876,2
68877,2
68878,2
68879,1
68880,1
68881,2
68882,1
68883,1
68884,1
68885,1
68886,1
68887,1
68888,2
68889,1
68890,1
68891,1
68892,1
68893,1
68894,1
68895,1
68896,1
68897,1
68898,1
68899,1
68900,2
68901,2
68902,3
68903,1
68904,2
68905,1
68906,2
68907,2
68908,2
68909,1
68910,1
68911,2
68912,1
68913,7
68914,1
68915,2
68916,2
68917,1
68918,1
68919,1
68920,1
68921,1
68922,1
68923,3
68924,1
68925,1
68926,5
68927,2
68928,1
68929,2
68930,1
68931,1
68932,2
68933,3
68934,1
68935,1
68936,2
68937,3
68938,2
68939,2
68940,2
68941,1
68942,2
68943,6
68944,2
68945,1
68946,5
68947,2
68948,1
68949,2
68950,2
68951,1
68952,1
68953,2
68954,2
68955,1
68956,2
68957,1
68958,4
68959,1
68960,1
68961,2
68962,2
68963,2
68964,2
68965,5
68966,2
68967,1
68968,1
68969,6
68970,1
68971,1
68972,2
68973,1
68974,2
68975,1
68976,3
68977,3
68978,1
68979,1
68980,1
68981,2
68982,1
68983,2
68984,1
68985,1
68986,1
68987,1
68988,3
68989,2
68990,1
68991,3
68992,3
68993,2
68994,1
68995,2
68996,1
68997,2
68998,1
68999,2
69000,2
69001,2
69002,2
69003,2
69004,1
69005,2
69006,1
69007,6
69008,2
69009,1
69010,2
69011,3
69012,2
69013,1
69014,1
69015,1
69016,1
69017,3
69018,3
69019,1
69020,2
69021,2
69022,1
69023,1
69024,2
69025,2
69026,1
69027,1
69028,3
69029,1
69030,1
69031,3
69032,2
69033,2
69034,1
69035,1
69036,1
69037,1
69038,1
69039,7
69040,1
69041,1
69042,1
69043,2
69044,1
69045,1
69046,1
69047,2
69048,1
69049,2
69050,3
69051,2
69052,5
69053,1
69054,3
69055,1
69056,1
69057,2
69058,1
69059,3
69060,1
69061,2
69062,2
69063,1
69064,1
69065,1
69066,1
69067,2
69068,2
69069,1
69070,1
69071,2
69072,1
69073,1
69074,2
69075,1
69076,2
69077,1
69078,1
69079,1
69080,1
69081,2
69082,1
69083,2
69084,2
69085,2
69086,1
69087,3
69088,1
69089,2
69090,2
69091,1
69092,2
69093,1
69094,2
69095,1
69096,1
69097,1
69098,1
69099,1
69100,2
69101,1
69102,7
69103,2
69104,6
69105,2
69106,1
69107,1
69108,2
69109,3
69110,2
69111,1
69112,2
69113,2
69114,3
69115,2
69116,2
69117,2
69118,2
69119,2
69120,1
69121,1
69122,2
69123,3
69124,2
69125,1
69126,1
69127,1
69128,3
69129,2
69130,1
69131,2
69132,3
69133,1
69134,2
69135,2
69136,1
69137,2
69138,2
69139,2
69140,5
69141,1
69142,2
69143,1
69144,2
69145,1
69146,1
69147,2
69148,1
69149,2
69150,1
69151,2
69152,1
69153,2
69154,3
69155,1
69156,2
69157,2
69158,2
69159,1
69160,2
69161,1
69162,5
69163,1
69164,2
69165,2
69166,1
69167,3
69168,1
69169,2
69170,1
69171,2
69172,3
69173,1
69174,2
69175,2
69176,1
69177,1
69178,1
69179,2
69180,2
69181,2
69182,2
69183,1
69184,3
69185,2
69186,3
69187,2
69188,2
69189,1
69190,1
69191,2
69192,2
69193,2
69194,2
69195,2
69196,1
69197,2
69198,1
69199,2
69200,1
69201,1
69202,1
69203,1
69204,2
69205,2
69206,1
69207,2
69208,1
69209,3
69210,3
69211,1
69212,1
69213,1
69214,2
69215,1
69216,2
69217,2
69218,2
69219,2
69220,1
69221,2
69222,1
69223,1
69224,2
69225,2
69226,2
69227,1
69228,2
69229,2
69230,1
69231,1
69232,1
69233,1
69234,2
69235,1
69236,1
69237,2
69238,6
69239,1
69240,2
69241,1
69242,1
69243,1
69244,1
69245,1
69246,2
69247,1
69248,1
69249,2
69250,1
69251,2
69252,1
69253,2
69254,2
69255,1
69256,1
69257,1
69258,3
69259,1
69260,2
69261,3
69262,1
69263,1
69264,2
69265,1
69266,4
69267,1
69268,1
69269,2
69270,2
69271,1
69272,2
69273,1
69274,2
69275,2
69276,4
69277,2
69278,2
69279,1
69280,1
69281,2
69282,2
69283,3
69284,1
69285,1
69286,2
69287,5
69288,1
69289,1
69290,2
69291,2
69292,1
69293,1
69294,2
69295,1
69296,1
69297,2
69298,1
69299,1
69300,2
69301,2
69302,5
69303,2
69304,1
69305,2
69306,1
69307,2
69308,2
69309,2
69310,2
69311,1
69312,1
69313,1
69314,1
69315,1
69316,1
69317,4
69318,1
69319,1
69320,1
69321,2
69322,1
69323,3
69324,1
69325,1
69326,2
69327,2
69328,3
69329,2
69330,2
69331,1
69332,2
69333,2
69334,1
69335,2
69336,3
69337,1
69338,2
69339,2
69340,2
69341,1
69342,1
69343,2
69344,2
69345,2
69346,3
69347,3
69348,1
69349,2
69350,3
69351,1
69352,6
69353,1
69354,2
69355,2
69356,1
69357,1
69358,2
69359,2
69360,3
69361,2
69362,2
69363,1
69364,2
69365,2
69366,1
69367,2
69368,1
69369,1
69370,1
69371,2
69372,1
69373,2
69374,2
69375,1
69376,3
69377,2
69378,1
69379,1
69380,1
69381,6
69382,2
69383,4
69384,1
69385,2
69386,2
69387,3
69388,1
69389,1
69390,3
69391,1
69392,2
69393,2
69394,2
69395,1
69396,2
69397,2
69398,6
69399,2
69400,2
69401,1
69402,1
69403,1
69404,3
69405,3
69406,1
69407,1
69408,2
69409,3
69410,3
69411,2
69412,1
69413,2
69414,1
69415,2
69416,1
69417,2
69418,3
69419,2
69420,1
69421,4
69422,2
69423,2
69424,2
69425,2
69426,2
69427,2
69428,1
69429,2
69430,2
69431,2
69432,1
69433,2
69434,2
69435,2
69436,2
69437,1
69438,2
69439,1
69440,1
69441,2
69442,1
69443,2
69444,2
69445,2
69446,2
69447,1
69448,2
69449,1
69450,2
69451,2
69452,1
69453,1
69454,1
69455,1
69456,2
69457,1
69458,1
69459,2
69460,2
69461,2
69462,1
69463,1
69464,1
69465,1
69466,1
69467,2
69468,2
69469,2
69470,2
69471,1
69472,1
69473,1
69474,2
69475,3
69476,1
69477,2
69478,2
69479,2
69480,2
69481,1
69482,2
69483,2
69484,1
69485,1
69486,1
69487,1
69488,1
69489,2
69490,2
69491,1
69492,1
69493,1
69494,1
69495,2
69496,2
69497,2
69498,1
69499,1
69500,5
69501,1
69502,2
69503,2
69504,1
69505,2
69506,1
69507,1
69508,1
69509,1
69510,1
69511,2
69512,2
69513,1
69514,1
69515,2
69516,2
69517,3
69518,6
69519,2
69520,1
69521,1
69522,1
69523,1
69524,1
69525,1
69526,2
69527,2
69528,1
69529,1
69530,5
69531,1
69532,2
69533,2
69534,2
69535,1
69536,1
69537,1
69538,1
69539,2
69540,2
69541,1
69542,2
69543,2
69544,1
69545,2
69546,2
69547,1
69548,1
69549,1
69550,3
69551,2
69552,1
69553,2
69554,2
69555,1
69556,1
69557,2
69558,1
69559,1
69560,2
69561,3
69562,2
69563,2
69564,1
69565,2
69566,3
69567,2
69568,2
69569,1
69570,2
69571,2
69572,1
69573,2
69574,1
69575,3
69576,1
69577,1
69578,3
69579,1
69580,1
69581,1
69582,2
69583,1
69584,1
69585,2
69586,2
69587,2
69588,1
69589,1
69590,2
69591,1
69592,2
69593,1
69594,2
69595,2
69596,1
69597,1
69598,1
69599,1
69600,2
69601,1
69602,1
69603,2
69604,1
69605,1
69606,6
69607,1
69608,1
69609,2
69610,1
69611,1
69612,1
69613,3
69614,1
69615,1
69616,1
69617,1
69618,2
69619,2
69620,1
69621,3
69622,2
69623,1
69624,2
69625,1
69626,3
69627,1
69628,2
69629,1
69630,1
69631,1
69632,2
69633,1
69634,1
69635,1
69636,2
69637,1
69638,3
69639,1
69640,2
69641,1
69642,1
69643,3
69644,2
69645,6
69646,3
69647,2
69648,1
69649,2
69650,2
69651,2
69652,2
69653,7
69654,1
69655,1
69656,2
69657,1
69658,1
69659,1
69660,3
69661,1
69662,1
69663,4
69664,3
69665,6
69666,2
69667,1
69668,7
69669,2
69670,3
69671,1
69672,1
69673,1
69674,2
69675,1
69676,1
69677,2
69678,3
69679,1
69680,3
69681,2
69682,1
69683,1
69684,2
69685,2
69686,2
69687,2
69688,3
69689,2
69690,1
69691,3
69692,1
69693,2
69694,2
69695,1
69696,2
69697,2
69698,2
69699,2
69700,2
69701,2
69702,2
69703,2
69704,1
69705,1
69706,1
69707,2
69708,1
69709,3
69710,2
69711,1
69712,2
69713,1
69714,2
69715,2
69716,2
69717,1
69718,6
69719,3
69720,1
69721,1
69722,1
69723,1
69724,1
69725,1
69726,2
69727,2
69728,1
69729,1
69730,2
69731,2
69732,3
69733,2
69734,1
69735,2
69736,3
69737,1
69738,1
69739,1
69740,1
69741,4
69742,1
69743,1
69744,1
69745,1
69746,2
69747,1
69748,1
69749,2
69750,1
69751,2
69752,1
69753,2
69754,3
69755,1
69756,1
69757,1
69758,1
69759,2
69760,5
69761,1
69762,1
69763,1
69764,1
69765,3
69766,2
69767,2
69768,2
69769,2
69770,1
69771,1
69772,1
69773,1
69774,2
69775,1
69776,1
69777,1
69778,1
69779,2
69780,2
69781,2
69782,1
69783,1
69784,2
69785,2
69786,1
69787,2
69788,2
69789,1
69790,1
69791,1
69792,2
69793,1
69794,1
69795,1
69796,2
69797,1
69798,1
69799,2
69800,1
69801,1
69802,1
69803,1
69804,1
69805,2
69806,1
69807,1
69808,1
69809,1
69810,1
69811,1
69812,2
69813,1
69814,2
69815,1
69816,1
69817,1
69818,1
69819,1
69820,1
69821,2
69822,1
69823,1
69824,2
69825,1
69826,1
69827,1
69828,1
69829,1
69830,1
69831,2
69832,1
69833,1
69834,1
69835,2
69836,1
69837,1
69838,1
69839,1
69840,1
69841,2
69842,2
69843,1
69844,3
69845,2
69846,1
69847,3
69848,1
69849,2
69850,1
69851,2
69852,1
69853,1
69854,2
69855,1
69856,1
69857,2
69858,3
69859,2
69860,1
69861,1
69862,1
69863,2
69864,2
69865,1
69866,1
69867,2
69868,3
69869,3
69870,2
69871,1
69872,2
69873,4
69874,1
69875,4
69876,2
69877,3
69878,2
69879,1
69880,2
69881,2
69882,2
69883,2
69884,2
69885,2
69886,2
69887,3
69888,1
69889,2
69890,2
69891,2
69892,2
69893,1
69894,2
69895,2
69896,2
69897,3
69898,2
69899,2
69900,1
69901,2
69902,1
69903,1
69904,1
69905,2
69906,1
69907,2
69908,1
69909,1
69910,2
69911,2
69912,1
69913,2
69914,2
69915,1
69916,3
69917,1
69918,1
69919,2
69920,1
69921,2
69922,1
69923,2
69924,1
69925,1
69926,2
69927,2
69928,2
69929,1
69930,2
69931,1
69932,3
69933,1
69934,2
69935,3
69936,2
69937,2
69938,1
69939,2
69940,5
69941,3
69942,2
69943,2
69944,2
69945,2
69946,1
69947,2
69948,1
69949,2
69950,1
69951,1
69952,2
69953,2
69954,1
69955,1
69956,2
69957,2
69958,1
69959,1
69960,1
69961,1
69962,2
69963,2
69964,2
69965,1
69966,2
69967,1
69968,1
69969,2
69970,3
69971,3
69972,1
69973,1
69974,1
69975,2
69976,2
69977,3
69978,2
69979,1
69980,3
69981,2
69982,6
69983,3
69984,3
69985,1
69986,2
69987,1
69988,1
69989,2
69990,2
69991,1
69992,2
69993,2
69994,1
69995,1
69996,2
69997,1
69998,1
69999,1
70000,1
70001,1
70002,1
70003,1
70004,2
70005,1
70006,2
70007,2
70008,2
70009,1
70010,2
70011,2
70012,1
70013,1
70014,2
70015,3
70016,1
70017,1
70018,2
70019,1
70020,2
70021,2
70022,1
70023,2
70024,1
70025,1
70026,2
70027,1
70028,2
70029,2
70030,2
70031,1
70032,2
70033,1
70034,2
70035,1
70036,1
70037,3
70038,2
70039,7
70040,2
70041,2
70042,3
70043,3
70044,2
70045,1
70046,1
70047,2
70048,1
70049,2
70050,1
70051,2
70052,1
70053,2
70054,1
70055,1
70056,1
70057,3
70058,2
70059,2
70060,2
70061,2
70062,2
70063,1
70064,2
70065,2
70066,2
70067,1
70068,1
70069,2
70070,2
70071,1
70072,1
70073,1
70074,2
70075,1
70076,1
70077,2
70078,1
70079,2
70080,1
70081,2
70082,2
70083,1
70084,1
70085,2
70086,2
70087,1
70088,1
70089,2
70090,2
70091,1
70092,2
70093,2
70094,1
70095,1
70096,2
70097,1
70098,2
70099,1
70100,2
70101,2
70102,2
70103,2
70104,1
70105,1
70106,2
70107,1
70108,1
70109,1
70110,1
70111,2
70112,1
70113,1
70114,2
70115,1
70116,1
70117,2
70118,5
70119,2
70120,3
70121,2
70122,2
70123,2
70124,2
70125,1
70126,1
70127,1
70128,1
70129,3
70130,2
70131,2
70132,2
70133,1
70134,1
70135,1
70136,2
70137,3
70138,1
70139,1
70140,2
70141,2
70142,2
70143,1
70144,1
70145,1
70146,2
70147,1
70148,1
70149,2
70150,1
70151,1
70152,1
70153,1
70154,1
70155,2
70156,2
70157,2
70158,2
70159,1
70160,3
70161,1
70162,1
70163,4
70164,6
70165,2
70166,1
70167,2
70168,2
70169,2
70170,1
70171,5
70172,1
70173,1
70174,3
70175,1
70176,3
70177,2
70178,3
70179,1
70180,2
70181,1
70182,1
70183,1
70184,3
70185,1
70186,1
70187,2
70188,2
70189,2
70190,1
70191,2
70192,2
70193,1
70194,3
70195,1
70196,2
70197,5
70198,1
70199,1
70200,1
70201,1
70202,1
70203,1
70204,2
70205,1
70206,1
70207,3
70208,2
70209,1
70210,5
70211,1
70212,2
70213,1
70214,2
70215,1
70216,1
70217,1
70218,2
70219,5
70220,2
70221,3
70222,2
70223,1
70224,2
70225,2
70226,1
70227,3
70228,2
70229,1
70230,2
70231,2
70232,2
70233,1
70234,1
70235,5
70236,2
70237,2
70238,2
70239,1
70240,1
70241,2
70242,3
70243,1
70244,2
70245,2
70246,2
70247,1
70248,2
70249,2
70250,5
70251,1
70252,1
70253,1
70254,1
70255,7
70256,2
70257,2
70258,2
70259,1
70260,6
70261,1
70262,2
70263,1
70264,1
70265,1
70266,3
70267,2
70268,1
70269,1
70270,2
70271,2
70272,2
70273,2
70274,6
70275,1
70276,2
70277,2
70278,2
70279,1
70280,1
70281,1
70282,2
70283,1
70284,3
70285,1
70286,2
70287,2
70288,1
70289,2
70290,2
70291,2
70292,1
70293,1
70294,1
70295,1
70296,2
70297,1
70298,1
70299,2
70300,2
70301,1
70302,1
70303,1
70304,1
70305,1
70306,1
70307,2
70308,3
70309,5
70310,1
70311,3
70312,1
70313,1
70314,2
70315,1
70316,1
70317,2
70318,2
70319,1
70320,1
70321,2
70322,1
70323,1
70324,4
70325,2
70326,2
70327,1
70328,2
70329,1
70330,2
70331,2
70332,2
70333,6
70334,6
70335,1
70336,2
70337,2
70338,2
70339,2
70340,3
70341,2
70342,1
70343,3
70344,2
70345,2
70346,5
70347,1
70348,2
70349,1
70350,1
70351,1
70352,1
70353,4
70354,2
70355,2
70356,1
70357,1
70358,2
70359,1
70360,1
70361,2
70362,3
70363,1
70364,1
70365,1
70366,2
70367,2
70368,1
70369,2
70370,2
70371,2
70372,2
70373,1
70374,1
70375,1
70376,1
70377,2
70378,1
70379,3
70380,1
70381,4
70382,1
70383,3
70384,2
70385,3
70386,3
70387,1
70388,4
70389,2
70390,3
70391,2
70392,1
70393,2
70394,2
70395,1
70396,1
70397,2
70398,2
70399,2
70400,2
70401,2
70402,2
70403,2
70404,1
70405,1
70406,2
70407,1
70408,1
70409,1
70410,2
70411,2
70412,1
70413,1
70414,2
70415,1
70416,1
70417,2
70418,1
70419,2
70420,1
70421,1
70422,2
70423,1
70424,3
70425,2
70426,1
70427,2
70428,1
70429,2
70430,1
70431,2
70432,1
70433,2
70434,1
70435,5
70436,2
70437,1
70438,1
70439,2
70440,1
70441,2
70442,2
70443,1
70444,2
70445,3
70446,1
70447,2
70448,1
70449,1
70450,1
70451,4
70452,3
70453,1
70454,1
70455,2
70456,2
70457,1
70458,3
70459,7
70460,2
70461,1
70462,3
70463,1
70464,2
70465,2
70466,1
70467,2
70468,1
70469,2
70470,2
70471,1
70472,1
70473,1
70474,2
70475,1
70476,1
70477,2
70478,1
70479,1
70480,2
70481,1
70482,1
70483,1
70484,1
70485,1
70486,1
70487,1
70488,1
70489,2
70490,2
70491,2
70492,1
70493,2
70494,3
70495,1
70496,1
70497,1
70498,2
70499,1
70500,1
70501,1
70502,3
70503,1
70504,1
70505,1
70506,2
70507,2
70508,1
70509,4
70510,1
70511,1
70512,2
70513,2
70514,1
70515,5
70516,1
70517,3
70518,1
70519,2
70520,1
70521,2
70522,6
70523,2
70524,1
70525,1
70526,2
70527,1
70528,1
70529,1
70530,2
70531,1
70532,2
70533,1
70534,2
70535,2
70536,3
70537,1
70538,1
70539,1
70540,1
70541,3
70542,3
70543,3
70544,2
70545,2
70546,2
70547,3
70548,1
70549,1
70550,2
70551,1
70552,1
70553,1
70554,1
70555,2
70556,1
70557,2
70558,2
70559,2
70560,2
70561,1
70562,1
70563,1
70564,2
70565,2
70566,1
70567,2
70568,1
70569,2
70570,1
70571,3
70572,2
70573,2
70574,1
70575,1
70576,6
70577,5
70578,2
70579,1
70580,1
70581,2
70582,1
70583,1
70584,1
70585,2
70586,1
70587,2
70588,1
70589,3
70590,2
70591,1
70592,2
70593,2
70594,1
70595,2
70596,2
70597,1
70598,1
70599,2
70600,3
70601,1
70602,1
70603,2
70604,2
70605,1
70606,1
70607,1
70608,2
70609,1
70610,1
70611,2
70612,1
70613,1
70614,1
70615,2
70616,1
70617,1
70618,2
70619,2
70620,2
70621,2
70622,3
70623,2
70624,2
70625,2
70626,1
70627,1
70628,2
70629,3
70630,2
70631,2
70632,1
70633,5
70634,2
70635,2
70636,1
70637,1
70638,2
70639,1
70640,2
70641,1
70642,2
70643,1
70644,2
70645,5
70646,1
70647,1
70648,3
70649,2
70650,1
70651,1
70652,2
70653,2
70654,1
70655,2
70656,3
70657,1
70658,1
70659,2
70660,1
70661,2
70662,1
70663,2
70664,1
70665,1
70666,1
70667,6
70668,1
70669,1
70670,1
70671,2
70672,2
70673,1
70674,2
70675,1
70676,3
70677,2
70678,2
70679,3
70680,2
70681,1
70682,6
70683,2
70684,2
70685,2
70686,2
70687,2
70688,2
70689,2
70690,2
70691,2
70692,1
70693,2
70694,1
70695,2
70696,3
70697,4
70698,1
70699,1
70700,1
70701,3
70702,2
70703,1
70704,2
70705,2
70706,2
70707,1
70708,2
70709,1
70710,1
70711,1
70712,2
70713,3
70714,2
70715,3
70716,1
70717,1
70718,1
70719,2
70720,2
70721,1
70722,1
70723,2
70724,1
70725,2
70726,1
70727,1
70728,1
70729,1
70730,1
70731,1
70732,1
70733,1
70734,5
70735,2
70736,2
70737,2
70738,1
70739,1
70740,3
70741,1
70742,1
70743,2
70744,1
70745,1
70746,2
70747,2
70748,1
70749,2
70750,1
70751,1
70752,3
70753,2
70754,2
70755,1
70756,5
70757,1
70758,2
70759,3
70760,2
70761,2
70762,1
70763,1
70764,1
70765,2
70766,2
70767,4
70768,1
70769,1
70770,1
70771,2
70772,2
70773,2
70774,2
70775,2
70776,1
70777,1
70778,1
70779,2
70780,3
70781,3
70782,3
70783,1
70784,2
70785,1
70786,3
70787,2
70788,1
70789,1
70790,2
70791,2
70792,2
70793,1
70794,2
70795,6
70796,1
70797,2
70798,2
70799,1
70800,1
70801,2
70802,1
70803,3
70804,2
70805,2
70806,1
70807,2
70808,1
70809,2
70810,1
70811,1
70812,2
70813,2
70814,3
70815,3
70816,6
70817,3
70818,1
70819,2
70820,1
70821,2
70822,3
70823,1
70824,3
70825,1
70826,2
70827,1
70828,1
70829,2
70830,1
70831,1
70832,2
70833,2
70834,1
70835,2
70836,2
70837,2
70838,1
70839,2
70840,1
70841,2
70842,6
70843,3
70844,1
70845,1
70846,2
70847,2
70848,1
70849,1
70850,1
70851,2
70852,3
70853,1
70854,2
70855,2
70856,1
70857,2
70858,2
70859,3
70860,1
70861,2
70862,4
70863,1
70864,1
70865,1
70866,1
70867,3
70868,2
70869,1
70870,1
70871,1
70872,2
70873,2
70874,1
70875,2
70876,1
70877,1
70878,1
70879,1
70880,1
70881,1
70882,2
70883,2
70884,2
70885,2
70886,2
70887,2
70888,1
70889,1
70890,1
70891,2
70892,1
70893,2
70894,2
70895,1
70896,2
70897,2
70898,1
70899,3
70900,2
70901,1
70902,1
70903,1
70904,1
70905,1
70906,2
70907,1
70908,3
70909,1
70910,2
70911,2
70912,3
70913,2
70914,1
70915,2
70916,2
70917,2
70918,1
70919,2
70920,2
70921,2
70922,1
70923,2
70924,1
70925,2
70926,2
70927,2
70928,1
70929,1
70930,1
70931,1
70932,1
70933,1
70934,1
70935,1
70936,1
70937,1
70938,2
70939,1
70940,3
70941,2
70942,2
70943,1
70944,4
70945,1
70946,1
70947,2
70948,3
70949,1
70950,1
70951,2
70952,1
70953,2
70954,1
70955,3
70956,3
70957,1
70958,2
70959,2
70960,1
70961,1
70962,1
70963,1
70964,1
70965,1
70966,1
70967,5
70968,1
70969,1
70970,1
70971,1
70972,1
70973,2
70974,2
70975,2
70976,2
70977,1
70978,2
70979,2
70980,1
70981,2
70982,2
70983,1
70984,1
70985,1
70986,1
70987,1
70988,1
70989,2
70990,3
70991,1
70992,2
70993,1
70994,2
70995,1
70996,1
70997,1
70998,1
70999,1
71000,2
71001,1
71002,2
71003,1
71004,2
71005,1
71006,1
71007,1
71008,1
71009,3
71010,2
71011,1
71012,2
71013,1
71014,3
71015,1
71016,1
71017,1
71018,1
71019,2
71020,1
71021,2
71022,1
71023,2
71024,2
71025,1
71026,1
71027,1
71028,2
71029,1
71030,2
71031,1
71032,1
71033,1
71034,1
71035,2
71036,1
71037,2
71038,1
71039,1
71040,3
71041,1
71042,1
71043,1
71044,2
71045,1
71046,1
71047,1
71048,2
71049,2
71050,2
71051,1
71052,3
71053,1
71054,1
71055,1
71056,1
71057,2
71058,2
71059,1
71060,1
71061,2
71062,2
71063,3
71064,2
71065,2
71066,2
71067,3
71068,5
71069,7
71070,1
71071,1
71072,2
71073,1
71074,2
71075,1
71076,1
71077,2
71078,2
71079,2
71080,2
71081,1
71082,1
71083,2
71084,1
71085,1
71086,1
71087,2
71088,2
71089,2
71090,1
71091,3
71092,1
71093,1
71094,2
71095,1
71096,2
71097,1
71098,2
71099,2
71100,1
71101,1
71102,1
71103,2
71104,1
71105,1
71106,2
71107,2
71108,2
71109,2
71110,2
71111,3
71112,1
71113,1
71114,1
71115,1
71116,1
71117,1
71118,3
71119,1
71120,2
71121,1
71122,1
71123,2
71124,1
71125,1
71126,1
71127,1
71128,2
71129,1
71130,2
71131,2
71132,1
71133,2
71134,2
71135,1
71136,2
71137,2
71138,1
71139,3
71140,3
71141,1
71142,1
71143,2
71144,6
71145,1
71146,1
71147,1
71148,2
71149,1
71150,1
71151,1
71152,1
71153,2
71154,1
71155,2
71156,1
71157,3
71158,2
71159,2
71160,1
71161,1
71162,2
71163,1
71164,2
71165,1
71166,6
71167,2
71168,1
71169,5
71170,2
71171,1
71172,1
71173,2
71174,1
71175,1
71176,2
71177,1
71178,2
71179,1
71180,2
71181,1
71182,1
71183,1
71184,1
71185,1
71186,1
71187,1
71188,2
71189,2
71190,1
71191,1
71192,2
71193,2
71194,2
71195,1
71196,2
71197,2
71198,2
71199,1
71200,1
71201,2
71202,1
71203,1
71204,3
71205,1
71206,1
71207,2
71208,2
71209,3
71210,1
71211,2
71212,2
71213,1
71214,5
71215,1
71216,1
71217,1
71218,1
71219,2
71220,1
71221,1
71222,2
71223,2
71224,2
71225,1
71226,2
71227,5
71228,1
71229,1
71230,2
71231,4
71232,5
71233,2
71234,2
71235,1
71236,1
71237,1
71238,1
71239,3
71240,2
71241,2
71242,2
71243,2
71244,2
71245,2
71246,1
71247,2
71248,4
71249,3
71250,1
71251,1
71252,2
71253,7
71254,2
71255,1
71256,2
71257,2
71258,1
71259,2
71260,2
71261,3
71262,1
71263,2
71264,2
71265,1
71266,2
71267,1
71268,1
71269,1
71270,2
71271,1
71272,2
71273,1
71274,3
71275,2
71276,1
71277,2
71278,6
71279,1
71280,2
71281,1
71282,1
71283,2
71284,2
71285,2
71286,2
71287,2
71288,1
71289,1
71290,2
71291,1
71292,3
71293,2
71294,1
71295,6
71296,2
71297,1
71298,1
71299,1
71300,1
71301,2
71302,1
71303,1
71304,1
71305,1
71306,2
71307,1
71308,2
71309,2
71310,2
71311,1
71312,2
71313,2
71314,2
71315,2
71316,2
71317,2
71318,1
71319,6
71320,2
71321,1
71322,2
71323,1
71324,2
71325,1
71326,2
71327,1
71328,2
71329,1
71330,2
71331,1
71332,1
71333,1
71334,5
71335,1
71336,1
71337,4
71338,2
71339,2
71340,2
71341,1
71342,1
71343,3
71344,1
71345,1
71346,1
71347,1
71348,3
71349,1
71350,1
71351,1
71352,1
71353,1
71354,1
71355,2
71356,1
71357,1
71358,3
71359,2
71360,3
71361,3
71362,1
71363,2
71364,2
71365,1
71366,1
71367,1
71368,1
71369,1
71370,2
71371,3
71372,6
71373,1
71374,2
71375,1
71376,2
71377,1
71378,2
71379,2
71380,2
71381,2
71382,1
71383,1
71384,1
71385,5
71386,1
71387,2
71388,2
71389,1
71390,3
71391,1
71392,2
71393,2
71394,1
71395,2
71396,2
71397,1
71398,4
71399,1
71400,1
71401,1
71402,3
71403,1
71404,1
71405,2
71406,1
71407,2
71408,1
71409,1
71410,1
71411,2
71412,1
71413,1
71414,2
71415,1
71416,2
71417,2
71418,1
71419,2
71420,1
71421,1
71422,3
71423,1
71424,3
71425,1
71426,1
71427,1
71428,1
71429,2
71430,1
71431,1
71432,2
71433,6
71434,2
71435,1
71436,1
71437,3
71438,1
71439,1
71440,2
71441,2
71442,2
71443,1
71444,1
71445,1
71446,1
71447,1
71448,1
71449,2
71450,3
71451,1
71452,2
71453,1
71454,2
71455,2
71456,3
71457,2
71458,2
71459,2
71460,2
71461,2
71462,1
71463,1
71464,1
71465,2
71466,2
71467,1
71468,2
71469,1
71470,1
71471,1
71472,3
71473,1
71474,3
71475,1
71476,2
71477,1
71478,2
71479,1
71480,6
71481,3
71482,1
71483,1
71484,2
71485,1
71486,1
71487,2
71488,2
71489,2
71490,1
71491,1
71492,2
71493,3
71494,1
71495,1
71496,2
71497,2
71498,2
71499,1
71500,2
71501,2
71502,1
71503,3
71504,2
71505,1
71506,2
71507,6
71508,2
71509,1
71510,2
71511,3
71512,1
71513,2
71514,2
71515,1
71516,3
71517,1
71518,1
71519,1
71520,1
71521,2
71522,1
71523,1
71524,1
71525,1
71526,1
71527,6
71528,1
71529,1
71530,2
71531,2
71532,1
71533,1
71534,2
71535,2
71536,6
71537,2
71538,2
71539,1
71540,1
71541,1
71542,1
71543,2
71544,3
71545,1
71546,2
71547,2
71548,3
71549,1
71550,3
71551,2
71552,1
71553,2
71554,1
71555,1
71556,3
71557,2
71558,3
71559,1
71560,2
71561,1
71562,2
71563,1
71564,3
71565,2
71566,2
71567,2
71568,2
71569,2
71570,1
71571,2
71572,1
71573,2
71574,2
71575,2
71576,3
71577,2
71578,1
71579,1
71580,3
71581,2
71582,1
71583,1
71584,1
71585,2
71586,1
71587,1
71588,2
71589,2
71590,1
71591,1
71592,1
71593,3
71594,3
71595,2
71596,1
71597,1
71598,1
71599,4
71600,1
71601,2
71602,1
71603,1
71604,1
71605,3
71606,3
71607,2
71608,1
71609,2
71610,1
71611,1
71612,1
71613,6
71614,2
71615,2
71616,4
71617,7
71618,1
71619,3
71620,2
71621,1
71622,2
71623,1
71624,3
71625,5
71626,1
71627,2
71628,1
71629,2
71630,1
71631,1
71632,3
71633,4
71634,2
71635,1
71636,3
71637,1
71638,1
71639,4
71640,3
71641,1
71642,1
71643,1
71644,1
71645,2
71646,2
71647,1
71648,2
71649,2
71650,2
71651,1
71652,2
71653,2
71654,1
71655,2
71656,1
71657,2
71658,2
71659,2
71660,1
71661,1
71662,1
71663,1
71664,1
71665,2
71666,1
71667,2
71668,2
71669,3
71670,1
71671,1
71672,2
71673,1
71674,3
71675,2
71676,1
71677,1
71678,2
71679,2
71680,2
71681,1
71682,2
71683,1
71684,2
71685,1
71686,2
71687,3
71688,2
71689,1
71690,1
71691,1
71692,3
71693,3
71694,2
71695,1
71696,1
71697,2
71698,2
71699,3
71700,1
71701,2
71702,1
71703,2
71704,2
71705,1
71706,1
71707,1
71708,1
71709,2
71710,2
71711,1
71712,2
71713,1
71714,1
71715,3
71716,1
71717,1
71718,1
71719,3
71720,2
71721,1
71722,2
71723,2
71724,1
71725,3
71726,2
71727,6
71728,1
71729,1
71730,1
71731,1
71732,2
71733,1
71734,1
71735,1
71736,1
71737,2
71738,2
71739,2
71740,2
71741,3
71742,5
71743,2
71744,2
71745,2
71746,1
71747,4
71748,3
71749,2
71750,2
71751,3
71752,1
71753,2
71754,2
71755,1
71756,2
71757,2
71758,1
71759,2
71760,1
71761,1
71762,2
71763,1
71764,3
71765,2
71766,1
71767,2
71768,2
71769,3
71770,1
71771,6
71772,1
71773,1
71774,1
71775,1
71776,2
71777,1
71778,1
71779,3
71780,1
71781,1
71782,2
71783,3
71784,2
71785,2
71786,2
71787,1
71788,3
71789,4
71790,1
71791,2
71792,1
71793,1
71794,1
71795,3
71796,1
71797,2
71798,1
71799,1
71800,1
71801,1
71802,2
71803,1
71804,1
71805,3
71806,1
71807,3
71808,1
71809,1
71810,2
71811,1
71812,2
71813,2
71814,1
71815,2
71816,2
71817,3
71818,1
71819,2
71820,2
71821,2
71822,2
71823,1
71824,1
71825,1
71826,1
71827,2
71828,2
71829,1
71830,1
71831,1
71832,2
71833,2
71834,1
71835,1
71836,2
71837,1
71838,1
71839,3
71840,2
71841,1
71842,2
71843,1
71844,2
71845,2
71846,2
71847,2
71848,1
71849,1
71850,3
71851,2
71852,2
71853,2
71854,1
71855,2
71856,1
71857,3
71858,2
71859,1
71860,2
71861,6
71862,1
71863,2
71864,1
71865,1
71866,2
71867,2
71868,1
71869,1
71870,2
71871,1
71872,2
71873,2
71874,1
71875,1
71876,1
71877,2
71878,5
71879,2
71880,2
71881,1
71882,2
71883,2
71884,6
71885,1
71886,1
71887,2
71888,1
71889,3
71890,7
71891,2
71892,2
71893,1
71894,2
71895,3
71896,3
71897,1
71898,1
71899,1
71900,2
71901,1
71902,1
71903,2
71904,2
71905,2
71906,2
71907,1
71908,1
71909,2
71910,1
71911,1
71912,3
71913,2
71914,2
71915,2
71916,1
71917,1
71918,3
71919,1
71920,1
71921,1
71922,3
71923,7
71924,2
71925,2
71926,1
71927,2
71928,2
71929,2
71930,2
71931,1
71932,1
71933,2
71934,2
71935,2
71936,1
71937,1
71938,1
71939,4
71940,2
71941,2
71942,1
71943,3
71944,2
71945,1
71946,1
71947,2
71948,1
71949,1
71950,1
71951,1
71952,1
71953,2
71954,2
71955,1
71956,2
71957,2
71958,1
71959,2
71960,2
71961,2
71962,2
71963,2
71964,1
71965,3
71966,2
71967,1
71968,1
71969,1
71970,1
71971,1
71972,1
71973,1
71974,2
71975,2
71976,1
71977,2
71978,2
71979,2
71980,4
71981,1
71982,2
71983,1
71984,2
71985,2
71986,3
71987,2
71988,1
71989,2
71990,1
71991,1
71992,2
71993,1
71994,2
71995,1
71996,1
71997,2
71998,1
71999,2
72000,1
72001,1
72002,1
72003,2
72004,1
72005,1
72006,2
72007,1
72008,1
72009,1
72010,1
72011,1
72012,2
72013,2
72014,1
72015,2
72016,1
72017,2
72018,2
72019,7
72020,3
72021,1
72022,1
72023,2
72024,2
72025,2
72026,1
72027,1
72028,1
72029,2
72030,2
72031,1
72032,1
72033,2
72034,1
72035,2
72036,4
72037,1
72038,1
72039,2
72040,1
72041,2
72042,1
72043,1
72044,1
72045,2
72046,2
72047,1
72048,2
72049,1
72050,1
72051,1
72052,2
72053,1
72054,1
72055,3
72056,1
72057,2
72058,1
72059,1
72060,1
72061,2
72062,2
72063,2
72064,1
72065,2
72066,1
72067,1
72068,2
72069,1
72070,2
72071,1
72072,2
72073,2
72074,1
72075,3
72076,2
72077,1
72078,1
72079,1
72080,2
72081,1
72082,1
72083,2
72084,1
72085,1
72086,1
72087,2
72088,1
72089,1
72090,1
72091,1
72092,2
72093,1
72094,1
72095,2
72096,1
72097,2
72098,6
72099,1
72100,1
72101,1
72102,2
72103,1
72104,2
72105,2
72106,2
72107,2
72108,2
72109,1
72110,2
72111,1
72112,2
72113,7
72114,1
72115,1
72116,1
72117,2
72118,1
72119,2
72120,1
72121,1
72122,1
72123,2
72124,2
72125,1
72126,1
72127,2
72128,2
72129,2
72130,1
72131,1
72132,2
72133,2
72134,1
72135,2
72136,1
72137,2
72138,2
72139,2
72140,2
72141,2
72142,2
72143,3
72144,1
72145,2
72146,1
72147,1
72148,2
72149,2
72150,1
72151,3
72152,1
72153,3
72154,1
72155,3
72156,1
72157,1
72158,2
72159,2
72160,3
72161,2
72162,1
72163,1
72164,2
72165,2
72166,2
72167,2
72168,1
72169,2
72170,1
72171,1
72172,2
72173,2
72174,1
72175,2
72176,2
72177,2
72178,2
72179,1
72180,2
72181,2
72182,2
72183,1
72184,1
72185,3
72186,2
72187,1
72188,2
72189,2
72190,1
72191,3
72192,2
72193,1
72194,3
72195,2
72196,1
72197,1
72198,2
72199,1
72200,1
72201,1
72202,2
72203,2
72204,1
72205,2
72206,1
72207,2
72208,2
72209,1
72210,1
72211,3
72212,2
72213,1
72214,2
72215,2
72216,2
72217,2
72218,2
72219,3
72220,3
72221,1
72222,2
72223,2
72224,3
72225,1
72226,1
72227,2
72228,3
72229,1
72230,2
72231,2
72232,3
72233,1
72234,3
72235,1
72236,2
72237,3
72238,2
72239,2
72240,1
72241,1
72242,1
72243,2
72244,3
72245,3
72246,2
72247,1
72248,2
72249,1
72250,2
72251,2
72252,1
72253,1
72254,2
72255,2
72256,2
72257,1
72258,2
72259,2
72260,2
72261,2
72262,2
72263,1
72264,1
72265,2
72266,2
72267,1
72268,2
72269,2
72270,3
72271,2
72272,2
72273,1
72274,3
72275,1
72276,1
72277,2
72278,2
72279,6
72280,3
72281,1
72282,2
72283,1
72284,5
72285,1
72286,1
72287,4
72288,3
72289,2
72290,1
72291,2
72292,1
72293,4
72294,2
72295,1
72296,2
72297,3
72298,1
72299,2
72300,2
72301,2
72302,2
72303,2
72304,1
72305,1
72306,1
72307,1
72308,1
72309,1
72310,1
72311,3
72312,1
72313,2
72314,1
72315,2
72316,3
72317,2
72318,2
72319,1
72320,1
72321,1
72322,1
72323,2
72324,3
72325,2
72326,1
72327,2
72328,2
72329,1
72330,1
72331,2
72332,3
72333,1
72334,2
72335,2
72336,3
72337,1
72338,2
72339,1
72340,2
72341,1
72342,1
72343,3
72344,2
72345,3
72346,2
72347,3
72348,1
72349,1
72350,1
72351,1
72352,1
72353,2
72354,1
72355,2
72356,2
72357,4
72358,2
72359,2
72360,1
72361,1
72362,2
72363,2
72364,2
72365,2
72366,3
72367,1
72368,1
72369,2
72370,2
72371,2
72372,1
72373,2
72374,3
72375,1
72376,2
72377,2
72378,2
72379,2
72380,1
72381,2
72382,1
72383,2
72384,2
72385,1
72386,2
72387,2
72388,2
72389,1
72390,1
72391,1
72392,2
72393,1
72394,4
72395,2
72396,1
72397,3
72398,1
72399,2
72400,1
72401,1
72402,2
72403,2
72404,2
72405,1
72406,2
72407,1
72408,1
72409,2
72410,1
72411,1
72412,1
72413,2
72414,2
72415,6
72416,2
72417,2
72418,1
72419,1
72420,1
72421,1
72422,1
72423,1
72424,2
72425,1
72426,1
72427,1
72428,2
72429,1
72430,1
72431,1
72432,2
72433,6
72434,3
72435,1
72436,2
72437,2
72438,2
72439,4
72440,2
72441,2
72442,1
72443,2
72444,2
72445,2
72446,2
72447,2
72448,2
72449,1
72450,2
72451,1
72452,2
72453,2
72454,2
72455,1
72456,1
72457,1
72458,2
72459,2
72460,2
72461,1
72462,2
72463,2
72464,2
72465,3
72466,1
72467,2
72468,1
72469,2
72470,2
72471,1
72472,1
72473,2
72474,1
72475,3
72476,1
72477,1
72478,1
72479,2
72480,2
72481,3
72482,2
72483,1
72484,1
72485,1
72486,2
72487,2
72488,2
72489,2
72490,2
72491,2
72492,1
72493,2
72494,1
72495,1
72496,2
72497,2
72498,2
72499,6
72500,1
72501,1
72502,3
72503,1
72504,4
72505,4
72506,2
72507,1
72508,2
72509,2
72510,2
72511,1
72512,2
72513,2
72514,2
72515,1
72516,3
72517,1
72518,1
72519,1
72520,2
72521,1
72522,2
72523,1
72524,2
72525,1
72526,1
72527,2
72528,2
72529,1
72530,2
72531,2
72532,1
72533,1
72534,2
72535,1
72536,1
72537,1
72538,2
72539,2
72540,1
72541,1
72542,1
72543,1
72544,3
72545,3
72546,2
72547,2
72548,2
72549,2
72550,1
72551,2
72552,1
72553,2
72554,1
72555,2
72556,2
72557,1
72558,1
72559,1
72560,2
72561,1
72562,1
72563,1
72564,2
72565,2
72566,3
72567,2
72568,3
72569,1
72570,2
72571,2
72572,1
72573,3
72574,2
72575,1
72576,1
72577,1
72578,1
72579,1
72580,3
72581,2
72582,2
72583,1
72584,2
72585,1
72586,2
72587,2
72588,1
72589,1
72590,2
72591,3
72592,2
72593,1
72594,1
72595,2
72596,2
72597,1
72598,1
72599,1
72600,1
72601,1
72602,1
72603,2
72604,1
72605,2
72606,2
72607,1
72608,2
72609,2
72610,3
72611,1
72612,2
72613,1
72614,2
72615,1
72616,2
72617,1
72618,1
72619,2
72620,1
72621,1
72622,2
72623,3
72624,2
72625,2
72626,2
72627,4
72628,2
72629,2
72630,1
72631,1
72632,2
72633,3
72634,1
72635,2
72636,2
72637,2
72638,2
72639,1
72640,4
72641,2
72642,1
72643,2
72644,2
72645,2
72646,2
72647,2
72648,1
72649,2
72650,2
72651,2
72652,1
72653,2
72654,1
72655,2
72656,1
72657,2
72658,1
72659,1
72660,2
72661,2
72662,1
72663,2
72664,3
72665,2
72666,3
72667,1
72668,1
72669,1
72670,1
72671,1
72672,2
72673,1
72674,1
72675,2
72676,1
72677,1
72678,2
72679,2
72680,1
72681,1
72682,2
72683,3
72684,2
72685,1
72686,1
72687,1
72688,2
72689,2
72690,2
72691,2
72692,1
72693,1
72694,2
72695,1
72696,1
72697,2
72698,2
72699,3
72700,1
72701,1
72702,2
72703,1
72704,1
72705,2
72706,3
72707,3
72708,4
72709,1
72710,1
72711,1
72712,1
72713,1
72714,2
72715,2
72716,1
72717,2
72718,1
72719,1
72720,1
72721,7
72722,1
72723,1
72724,1
72725,2
72726,2
72727,2
72728,2
72729,2
72730,1
72731,1
72732,2
72733,1
72734,3
72735,3
72736,1
72737,1
72738,1
72739,1
72740,1
72741,1
72742,2
72743,2
72744,1
72745,2
72746,1
72747,1
72748,2
72749,1
72750,1
72751,2
72752,2
72753,1
72754,1
72755,1
72756,1
72757,3
72758,2
72759,2
72760,3
72761,2
72762,2
72763,1
72764,1
72765,1
72766,2
72767,1
72768,4
72769,1
72770,1
72771,1
72772,3
72773,5
72774,1
72775,5
72776,2
72777,6
72778,1
72779,1
72780,1
72781,2
72782,1
72783,1
72784,1
72785,2
72786,2
72787,1
72788,1
72789,2
72790,1
72791,3
72792,1
72793,2
72794,1
72795,1
72796,1
72797,1
72798,1
72799,1
72800,2
72801,1
72802,1
72803,2
72804,1
72805,1
72806,2
72807,2
72808,1
72809,1
72810,7
72811,1
72812,1
72813,3
72814,7
72815,1
72816,3
72817,1
72818,2
72819,1
72820,1
72821,1
72822,2
72823,2
72824,2
72825,1
72826,2
72827,1
72828,1
72829,1
72830,2
72831,2
72832,1
72833,2
72834,3
72835,2
72836,2
72837,3
72838,2
72839,1
72840,1
72841,2
72842,2
72843,2
72844,1
72845,2
72846,2
72847,2
72848,1
72849,1
72850,1
72851,2
72852,1
72853,1
72854,1
72855,2
72856,1
72857,1
72858,1
72859,1
72860,1
72861,1
72862,3
72863,1
72864,1
72865,2
72866,1
72867,1
72868,3
72869,1
72870,2
72871,2
72872,1
72873,6
72874,2
72875,1
72876,7
72877,2
72878,2
72879,2
72880,2
72881,3
72882,3
72883,6
72884,1
72885,2
72886,1
72887,2
72888,3
72889,1
72890,1
72891,1
72892,4
72893,1
72894,1
72895,1
72896,1
72897,1
72898,1
72899,1
72900,1
72901,1
72902,1
72903,1
72904,1
72905,1
72906,2
72907,1
72908,1
72909,7
72910,2
72911,1
72912,1
72913,2
72914,3
72915,1
72916,1
72917,2
72918,4
72919,2
72920,1
72921,1
72922,1
72923,3
72924,1
72925,1
72926,3
72927,1
72928,1
72929,2
72930,2
72931,1
72932,2
72933,1
72934,1
72935,2
72936,2
72937,1
72938,2
72939,1
72940,2
72941,1
72942,2
72943,2
72944,2
72945,2
72946,1
72947,1
72948,1
72949,1
72950,2
72951,2
72952,2
72953,2
72954,1
72955,4
72956,2
72957,1
72958,1
72959,2
72960,1
72961,3
72962,1
72963,2
72964,2
72965,1
72966,1
72967,1
72968,2
72969,2
72970,1
72971,1
72972,3
72973,1
72974,1
72975,1
72976,3
72977,1
72978,6
72979,2
72980,4
72981,1
72982,2
72983,1
72984,2
72985,1
72986,1
72987,1
72988,1
72989,1
72990,1
72991,3
72992,1
72993,2
72994,2
72995,3
72996,1
72997,1
72998,2
72999,1
73000,1
73001,1
73002,2
73003,1
73004,1
73005,2
73006,2
73007,1
73008,1
73009,2
73010,1
73011,4
73012,1
73013,2
73014,2
73015,2
73016,1
73017,1
73018,2
73019,1
73020,1
73021,6
73022,1
73023,2
73024,1
73025,4
73026,2
73027,1
73028,2
73029,2
73030,2
73031,1
73032,1
73033,2
73034,2
73035,1
73036,2
73037,1
73038,6
73039,1
73040,3
73041,2
73042,2
73043,1
73044,1
73045,2
73046,2
73047,2
73048,1
73049,1
73050,1
73051,2
73052,2
73053,1
73054,3
73055,1
73056,1
73057,4
73058,3
73059,1
73060,2
73061,1
73062,1
73063,3
73064,2
73065,2
73066,1
73067,2
73068,1
73069,2
73070,2
73071,1
73072,2
73073,2
73074,2
73075,1
73076,2
73077,1
73078,2
73079,1
73080,2
73081,1
73082,3
73083,2
73084,1
73085,2
73086,1
73087,2
73088,1
73089,1
73090,1
73091,2
73092,1
73093,2
73094,2
73095,1
73096,2
73097,1
73098,5
73099,1
73100,1
73101,1
73102,2
73103,1
73104,2
73105,1
73106,2
73107,2
73108,1
73109,2
73110,1
73111,2
73112,3
73113,1
73114,3
73115,3
73116,1
73117,1
73118,2
73119,3
73120,3
73121,2
73122,2
73123,2
73124,1
73125,1
73126,3
73127,2
73128,1
73129,2
73130,1
73131,1
73132,1
73133,3
73134,1
73135,2
73136,1
73137,2
73138,2
73139,3
73140,2
73141,1
73142,2
73143,1
73144,1
73145,1
73146,2
73147,3
73148,1
73149,2
73150,1
73151,1
73152,1
73153,1
73154,2
73155,1
73156,1
73157,2
73158,2
73159,2
73160,2
73161,1
73162,3
73163,1
73164,1
73165,1
73166,1
73167,2
73168,2
73169,1
73170,1
73171,2
73172,2
73173,1
73174,1
73175,1
73176,2
73177,1
73178,1
73179,2
73180,7
73181,1
73182,2
73183,1
73184,1
73185,4
73186,2
73187,1
73188,1
73189,1
73190,2
73191,2
73192,1
73193,1
73194,5
73195,1
73196,2
73197,2
73198,2
73199,2
73200,1
73201,2
73202,2
73203,2
73204,1
73205,2
73206,1
73207,1
73208,1
73209,2
73210,1
73211,2
73212,1
73213,2
73214,2
73215,2
73216,1
73217,2
73218,2
73219,1
73220,2
73221,1
73222,1
73223,2
73224,2
73225,1
73226,1
73227,1
73228,2
73229,1
73230,1
73231,2
73232,1
73233,1
73234,1
73235,2
73236,2
73237,1
73238,1
73239,2
73240,1
73241,1
73242,2
73243,2
73244,2
73245,1
73246,2
73247,2
73248,2
73249,2
73250,3
73251,5
73252,1
73253,2
73254,1
73255,1
73256,2
73257,1
73258,1
73259,3
73260,1
73261,2
73262,2
73263,1
73264,2
73265,1
73266,1
73267,1
73268,5
73269,6
73270,1
73271,5
73272,1
73273,1
73274,2
73275,2
73276,2
73277,3
73278,1
73279,2
73280,2
73281,1
73282,1
73283,2
73284,1
73285,1
73286,2
73287,1
73288,1
73289,3
73290,2
73291,1
73292,1
73293,1
73294,1
73295,1
73296,2
73297,1
73298,2
73299,1
73300,1
73301,3
73302,3
73303,3
73304,1
73305,1
73306,1
73307,1
73308,2
73309,2
73310,1
73311,1
73312,1
73313,2
73314,2
73315,1
73316,1
73317,1
73318,2
73319,1
73320,2
73321,1
73322,2
73323,2
73324,2
73325,1
73326,1
73327,1
73328,1
73329,1
73330,2
73331,1
73332,1
73333,2
73334,1
73335,2
73336,2
73337,2
73338,1
73339,6
73340,1
73341,2
73342,1
73343,1
73344,2
73345,1
73346,1
73347,2
73348,2
73349,1
73350,3
73351,2
73352,2
73353,1
73354,1
73355,2
73356,1
73357,1
73358,2
73359,2
73360,1
73361,2
73362,2
73363,3
73364,2
73365,1
73366,2
73367,2
73368,2
73369,1
73370,1
73371,1
73372,1
73373,1
73374,2
73375,1
73376,1
73377,2
73378,2
73379,3
73380,1
73381,3
73382,2
73383,3
73384,1
73385,2
73386,1
73387,1
73388,2
73389,1
73390,3
73391,1
73392,1
73393,1
73394,2
73395,2
73396,2
73397,1
73398,2
73399,1
73400,3
73401,4
73402,2
73403,1
73404,1
73405,1
73406,1
73407,2
73408,1
73409,1
73410,1
73411,3
73412,1
73413,1
73414,1
73415,2
73416,1
73417,2
73418,2
73419,1
73420,2
73421,1
73422,1
73423,1
73424,1
73425,1
73426,3
73427,1
73428,1
73429,1
73430,1
73431,2
73432,1
73433,1
73434,1
73435,2
73436,2
73437,2
73438,1
73439,1
73440,1
73441,2
73442,2
73443,1
73444,2
73445,2
73446,3
73447,2
73448,1
73449,2
73450,1
73451,1
73452,2
73453,1
73454,1
73455,3
73456,1
73457,1
73458,2
73459,1
73460,2
73461,2
73462,1
73463,5
73464,2
73465,1
73466,1
73467,2
73468,2
73469,2
73470,1
73471,1
73472,2
73473,1
73474,2
73475,2
73476,1
73477,2
73478,1
73479,2
73480,6
73481,2
73482,2
73483,3
73484,1
73485,1
73486,4
73487,4
73488,1
73489,3
73490,2
73491,3
73492,1
73493,2
73494,2
73495,1
73496,1
73497,2
73498,1
73499,2
73500,1
73501,1
73502,3
73503,2
73504,3
73505,2
73506,1
73507,2
73508,2
73509,1
73510,3
73511,2
73512,2
73513,1
73514,1
73515,1
73516,1
73517,2
73518,2
73519,2
73520,1
73521,1
73522,2
73523,1
73524,1
73525,1
73526,1
73527,1
73528,1
73529,3
73530,2
73531,1
73532,2
73533,1
73534,1
73535,1
73536,1
73537,2
73538,2
73539,1
73540,1
73541,3
73542,2
73543,2
73544,2
73545,3
73546,1
73547,2
73548,1
73549,2
73550,2
73551,1
73552,3
73553,3
73554,2
73555,1
73556,2
73557,1
73558,1
73559,4
73560,1
73561,1
73562,2
73563,2
73564,1
73565,2
73566,1
73567,1
73568,3
73569,2
73570,3
73571,1
73572,1
73573,1
73574,2
73575,2
73576,1
73577,3
73578,3
73579,1
73580,2
73581,1
73582,1
73583,2
73584,2
73585,1
73586,2
73587,2
73588,2
73589,2
73590,2
73591,2
73592,1
73593,2
73594,2
73595,1
73596,1
73597,1
73598,1
73599,2
73600,1
73601,2
73602,1
73603,1
73604,2
73605,2
73606,2
73607,2
73608,2
73609,2
73610,2
73611,2
73612,2
73613,2
73614,1
73615,2
73616,3
73617,1
73618,1
73619,1
73620,2
73621,1
73622,2
73623,1
73624,2
73625,1
73626,2
73627,3
73628,2
73629,1
73630,2
73631,1
73632,7
73633,1
73634,1
73635,1
73636,6
73637,1
73638,2
73639,2
73640,1
73641,2
73642,2
73643,1
73644,2
73645,2
73646,2
73647,1
73648,2
73649,1
73650,1
73651,2
73652,1
73653,2
73654,2
73655,4
73656,1
73657,1
73658,2
73659,2
73660,2
73661,1
73662,2
73663,3
73664,2
73665,1
73666,1
73667,1
73668,1
73669,1
73670,2
73671,1
73672,2
73673,1
73674,1
73675,1
73676,1
73677,2
73678,1
73679,1
73680,2
73681,1
73682,1
73683,1
73684,1
73685,2
73686,3
73687,1
73688,3
73689,1
73690,2
73691,3
73692,2
73693,2
73694,1
73695,3
73696,1
73697,2
73698,2
73699,1
73700,1
73701,1
73702,2
73703,1
73704,2
73705,3
73706,2
73707,1
73708,1
73709,1
73710,1
73711,1
73712,2
73713,6
73714,1
73715,3
73716,2
73717,2
73718,3
73719,1
73720,1
73721,1
73722,2
73723,1
73724,1
73725,1
73726,3
73727,2
73728,1
73729,2
73730,1
73731,1
73732,1
73733,1
73734,1
73735,1
73736,5
73737,1
73738,3
73739,2
73740,1
73741,2
73742,1
73743,2
73744,2
73745,3
73746,2
73747,2
73748,3
73749,1
73750,1
73751,2
73752,1
73753,1
73754,1
73755,2
73756,1
73757,2
73758,2
73759,2
73760,2
73761,1
73762,2
73763,1
73764,1
73765,1
73766,2
73767,1
73768,2
73769,2
73770,2
73771,2
73772,1
73773,1
73774,2
73775,2
73776,2
73777,2
73778,1
73779,2
73780,7
73781,1
73782,4
73783,1
73784,1
73785,2
73786,2
73787,1
73788,1
73789,2
73790,1
73791,3
73792,1
73793,1
73794,2
73795,1
73796,1
73797,2
73798,4
73799,2
73800,3
73801,2
73802,2
73803,2
73804,1
73805,2
73806,2
73807,1
73808,3
73809,1
73810,2
73811,2
73812,1
73813,1
73814,2
73815,2
73816,1
73817,1
73818,1
73819,2
73820,2
73821,3
73822,1
73823,2
73824,1
73825,1
73826,2
73827,1
73828,1
73829,2
73830,2
73831,2
73832,1
73833,2
73834,3
73835,1
73836,3
73837,2
73838,2
73839,1
73840,1
73841,2
73842,1
73843,1
73844,1
73845,2
73846,1
73847,2
73848,1
73849,1
73850,3
73851,1
73852,2
73853,1
73854,2
73855,7
73856,2
73857,1
73858,3
73859,1
73860,1
73861,2
73862,3
73863,2
73864,2
73865,2
73866,1
73867,6
73868,2
73869,2
73870,1
73871,1
73872,1
73873,2
73874,1
73875,1
73876,1
73877,2
73878,1
73879,2
73880,2
73881,1
73882,1
73883,2
73884,4
73885,1
73886,1
73887,2
73888,2
73889,1
73890,2
73891,1
73892,2
73893,1
73894,2
73895,2
73896,2
73897,2
73898,2
73899,2
73900,1
73901,2
73902,2
73903,3
73904,2
73905,1
73906,2
73907,2
73908,1
73909,1
73910,2
73911,1
73912,1
73913,3
73914,2
73915,2
73916,2
73917,3
73918,2
73919,1
73920,1
73921,2
73922,2
73923,1
73924,2
73925,1
73926,1
73927,1
73928,1
73929,1
73930,1
73931,3
73932,2
73933,2
73934,2
73935,1
73936,6
73937,1
73938,2
73939,5
73940,2
73941,1
73942,1
73943,1
73944,1
73945,2
73946,1
73947,2
73948,1
73949,1
73950,2
73951,1
73952,2
73953,2
73954,3
73955,1
73956,1
73957,1
73958,2
73959,1
73960,2
73961,2
73962,2
73963,1
73964,2
73965,1
73966,2
73967,1
73968,2
73969,2
73970,1
73971,1
73972,2
73973,2
73974,2
73975,3
73976,1
73977,2
73978,2
73979,1
73980,6
73981,1
73982,1
73983,2
73984,2
73985,1
73986,2
73987,2
73988,2
73989,2
73990,2
73991,3
73992,2
73993,2
73994,1
73995,2
73996,1
73997,1
73998,2
73999,1
74000,2
74001,1
74002,1
74003,3
74004,2
74005,2
74006,1
74007,2
74008,1
74009,3
74010,1
74011,2
74012,1
74013,1
74014,4
74015,2
74016,2
74017,1
74018,2
74019,2
74020,6
74021,1
74022,1
74023,2
74024,2
74025,1
74026,1
74027,1
74028,2
74029,4
74030,1
74031,2
74032,2
74033,1
74034,4
74035,1
74036,2
74037,2
74038,2
74039,3
74040,3
74041,2
74042,1
74043,2
74044,1
74045,1
74046,1
74047,1
74048,1
74049,1
74050,2
74051,2
74052,1
74053,2
74054,2
74055,3
74056,1
74057,1
74058,3
74059,1
74060,1
74061,1
74062,1
74063,2
74064,1
74065,1
74066,2
74067,6
74068,1
74069,2
74070,7
74071,2
74072,1
74073,1
74074,1
74075,2
74076,2
74077,2
74078,1
